NUM_VEHICLES	TRUCK_COST	TRUCK_SPEED	KM_COST	X_DEPOT	Y_DEPOT	TW_E	TW_L
10	70	15	20	5.0	4.0	570	1290

LOCKER_ID	X	Y	AV_CAPAC.
L1	0.37	0.56	13
L2	3.94	4.81	13
L3	7.11	5.21	7
L4	6.71	6.51	10
L5	8.42	2.79	12
L6	5.34	2.47	15
L7	8.5	4.1	12
L8	1.85	4.15	5
L9	2.86	5.74	20
L10	3.97	1.32	5
L11	4.45	3.01	16
L12	7.94	2.73	12
L13	1.55	4.82	11
L14	1.66	1.86	20
L15	4.48	7.56	6
L16	2.77	3.08	17
L17	7.85	1.02	9
L18	3.32	0.57	19
L19	8.89	1.23	16
L20	4.34	3.74	14

SHOP_ID	X	Y	TW_E1	TW_L1	TW_E2	TW_L2	AV_CAPAC.
S1	0.26	1.89	632	932	933	1233	31
S2	7.85	0.63	621	921	947	1247	36
S3	1.4	2.7	545	845	801	1101	10
S4	9.21	2.64	618	918	818	1118	21
S5	9.61	4.32	554	854	822	1122	44
S6	9.74	4.07	581	881	954	1254	25
S7	8.49	7.68	543	843	906	1206	37
S8	9.55	3.33	625	925	852	1152	19
S9	2.85	1.7	569	869	908	1208	41
S10	2.4	0.03	548	848	927	1227	46
S11	1.19	3.98	581	881	952	1252	43
S12	2.37	6.11	605	905	953	1253	48
S13	9.05	1.43	568	868	892	1192	29
S14	1.76	3.68	596	896	956	1256	11
S15	4.17	1.0	656	956	912	1212	21
S16	4.72	6.79	592	892	892	1192	31
S17	8.14	7.6	602	902	805	1105	36
S18	7.03	5.46	580	880	917	1217	13
S19	7.78	3.73	543	843	940	1240	24
S20	7.34	3.56	647	947	921	1221	34

ORDER_ID	WEIGHT	VOLUME	PRIORITY	DP_ID	X	Y	TW_PROBABILITIES
O1	9	6	1	H1649	4.59	3.44	690,990,0.32
O1	9	6	2	L8
O1	9	6	3	S3
O2	4	10	1	H990	3.65	5.27	690,990,0.97
O2	4	10	2	L1
O2	4	10	3	S12
O3	6	2	1	H1555	4.01	3.0	660,960,0.87
O3	6	2	2	L10
O3	6	2	3	S18
O4	4	9	1	H105	9.22	3.63	900,1200,0.85
O4	4	9	2	L6
O4	4	9	3	S2
O5	6	3	1	H1615	2.81	0.15	720,1020,0.28
O5	6	3	2	L16
O5	6	3	3	S7
O6	10	7	1	H351	5.09	2.3	540,840,0.57
O6	10	7	2	L19
O6	10	7	3	S19
O7	5	8	1	H1493	3.84	3.54	660,960,0.91
O7	5	8	2	L16
O7	5	8	3	S19
O8	1	5	1	H51	0.21	1.56	900,1200,0.37
O8	1	5	2	L13
O8	1	5	3	S12
O9	6	4	1	H1596	3.46	3.85	690,990,0.85
O9	6	4	2	L6
O9	6	4	3	S15
O10	6	6	1	H1945	7.9	7.98	630,930,0.47
O10	6	6	2	L16
O10	6	6	3	S12
O11	8	9	1	H1211	5.85	7.1	870,1170,0.93
O11	8	9	2	L7
O11	8	9	3	S1
O12	5	5	1	H1131	1.13	4.86	720,1020,0.59
O12	5	5	2	L14
O12	5	5	3	S12
O13	7	3	1	H844	5.05	0.21	720,1020,0.57
O13	7	3	2	L4
O13	7	3	3	S7
O14	1	9	1	H1828	8.56	5.01	600,900,0.56
O14	1	9	2	L1
O14	1	9	3	S9
O15	10	5	1	H978	4.92	3.55	570,870,0.74
O15	10	5	2	L7
O15	10	5	3	S4
O16	3	7	1	H1755	2.61	2.61	690,990,0.6
O16	3	7	2	L16
O16	3	7	3	S10
O17	10	2	1	H90	4.34	4.96	840,1140,0.68
O17	10	2	2	L4
O17	10	2	3	S17
O18	4	5	1	H1924	7.03	0.75	630,930,0.66
O18	4	5	2	L11
O18	4	5	3	S16
O19	3	5	1	H735	6.56	4.85	660,960,0.85
O19	3	5	2	L1
O19	3	5	3	S20
O20	3	9	1	H565	7.66	0.37	540,840,0.21
O20	3	9	2	L4
O20	3	9	3	S13
O21	10	5	1	H1253	6.39	1.82	630,930,0.85
O21	10	5	2	L8
O21	10	5	3	S12
O22	6	7	1	H997	5.48	0.05	570,870,0.69
O22	6	7	2	L5
O22	6	7	3	S11
O23	5	9	1	H1710	6.39	6.54	720,1020,0.84
O23	5	9	2	L3
O23	5	9	3	S7
O24	9	10	1	H258	0.94	0.72	630,930,0.62
O24	9	10	2	L17
O24	9	10	3	S20
O25	2	10	1	H223	7.34	6.51	600,900,0.28
O25	2	10	2	L12
O25	2	10	3	S16
O26	6	10	1	H11	3.6	1.96	570,870,0.95
O26	6	10	2	L17
O26	6	10	3	S1
O27	9	6	1	H977	8.16	0.35	720,1020,0.29
O27	9	6	2	L1
O27	9	6	3	S7
O28	1	10	1	H498	9.35	5.52	570,870,0.84
O28	1	10	2	L15
O28	1	10	3	S10
O29	10	4	1	H457	3.95	5.2	900,1200,0.63
O29	10	4	2	L16
O29	10	4	3	S6
O30	9	5	1	H172	9.78	1.58	540,840,0.35
O30	9	5	2	L3
O30	9	5	3	S3
O31	6	8	1	H954	9.24	6.91	630,930,0.62
O31	6	8	2	L5
O31	6	8	3	S17
O32	3	8	1	H463	6.27	7.45	870,1170,0.29
O32	3	8	2	L5
O32	3	8	3	S10
O33	3	5	1	H1084	4.52	0.31	960,1260,0.89
O33	3	5	2	L1
O33	3	5	3	S15
O34	9	8	1	H79	5.78	5.85	900,1200,0.85
O34	9	8	2	L12
O34	9	8	3	S10
O35	3	3	1	H1355	6.9	4.03	690,990,0.76
O35	3	3	2	L8
O35	3	3	3	S19
O36	1	7	1	H462	1.26	4.62	540,840,0.74
O36	1	7	2	L9
O36	1	7	3	S18
O37	5	1	1	H744	5.44	5.51	900,1200,0.77
O37	5	1	2	L20
O37	5	1	3	S12
O38	10	7	1	H1716	4.26	1.99	600,900,0.41
O38	10	7	2	L6
O38	10	7	3	S3
O39	5	5	1	H1751	6.8	1.76	900,1200,0.83
O39	5	5	2	L15
O39	5	5	3	S9
O40	9	5	1	H1222	4.02	0.59	720,1020,0.51
O40	9	5	2	L1
O40	9	5	3	S4
O41	7	9	1	H920	0.14	4.81	840,1140,0.39
O41	7	9	2	L7
O41	7	9	3	S17
O42	3	1	1	H737	3.49	6.77	690,990,0.99
O42	3	1	2	L12
O42	3	1	3	S4
O43	7	10	1	H1014	2.28	5.38	660,960,0.64
O43	7	10	2	L17
O43	7	10	3	S9
O44	3	10	1	H745	3.77	7.49	690,990,0.33
O44	3	10	2	L5
O44	3	10	3	S3
O45	2	2	1	H806	0.53	5.43	570,870,0.9
O45	2	2	2	L13
O45	2	2	3	S5
O46	7	4	1	H276	0.01	3.11	600,900,0.68
O46	7	4	2	L1
O46	7	4	3	S2
O47	2	4	1	H881	8.25	4.39	900,1200,0.58
O47	2	4	2	L2
O47	2	4	3	S10
O48	5	9	1	H226	5.48	2.05	960,1260,0.93
O48	5	9	2	L11
O48	5	9	3	S8
O49	2	7	1	H551	1.54	2.49	900,1200,0.71
O49	2	7	2	L14
O49	2	7	3	S4
O50	10	4	1	H835	9.94	2.75	720,1020,0.86
O50	10	4	2	L2
O50	10	4	3	S12
O51	5	4	1	H816	6.33	2.41	720,1020,0.37
O51	5	4	2	L5
O51	5	4	3	S11
O52	10	4	1	H534	7.59	2.7	570,870,0.37
O52	10	4	2	L4
O52	10	4	3	S3
O53	3	6	1	H742	6.75	7.54	540,840,0.9
O53	3	6	2	L16
O53	3	6	3	S18
O54	10	1	1	H1885	6.83	1.44	900,1200,0.65
O54	10	1	2	L15
O54	10	1	3	S12
O55	7	6	1	H1010	7.25	2.57	540,840,0.63
O55	7	6	2	L6
O55	7	6	3	S15
O56	8	5	1	H174	4.0	0.25	960,1260,0.24
O56	8	5	2	L11
O56	8	5	3	S9
O57	6	8	1	H1876	7.69	2.14	690,990,0.47
O57	6	8	2	L17
O57	6	8	3	S10
O58	5	4	1	H764	4.37	5.62	870,1170,0.63
O58	5	4	2	L10
O58	5	4	3	S2
O59	1	6	1	H606	7.71	0.68	960,1260,0.99
O59	1	6	2	L2
O59	1	6	3	S6
O60	9	6	1	H1070	2.27	4.8	840,1140,0.89
O60	9	6	2	L9
O60	9	6	3	S3
O61	2	6	1	H1910	7.54	6.83	630,930,0.27
O61	2	6	2	L20
O61	2	6	3	S1
O62	3	10	1	H39	5.91	6.41	690,990,0.86
O62	3	10	2	L16
O62	3	10	3	S19
O63	6	7	1	H342	9.06	3.07	540,840,0.64
O63	6	7	2	L14
O63	6	7	3	S4
O64	4	10	1	H1025	3.93	1.22	600,900,0.97
O64	4	10	2	L4
O64	4	10	3	S7
O65	8	1	1	H970	7.47	6.19	570,870,0.72
O65	8	1	2	L19
O65	8	1	3	S1
O66	6	7	1	H1064	1.83	5.34	600,900,0.24
O66	6	7	2	L2
O66	6	7	3	S3
O67	7	5	1	H1092	5.36	2.21	600,900,0.63
O67	7	5	2	L5
O67	7	5	3	S5
O68	3	3	1	H1916	1.43	0.64	540,840,0.94
O68	3	3	2	L12
O68	3	3	3	S12
O69	3	9	1	H565	7.66	0.37	540,840,0.21
O69	3	9	2	L10
O69	3	9	3	S6
O70	8	1	1	H264	2.6	0.82	570,870,0.68
O70	8	1	2	L4
O70	8	1	3	S18
O71	8	2	1	H182	3.68	2.71	660,960,0.4
O71	8	2	2	L15
O71	8	2	3	S3
O72	5	9	1	H1076	4.53	2.77	570,870,0.46
O72	5	9	2	L15
O72	5	9	3	S8
O73	2	4	1	H590	5.66	3.78	570,870,0.27
O73	2	4	2	L12
O73	2	4	3	S18
O74	2	3	1	H856	9.44	4.14	720,1020,0.23
O74	2	3	2	L19
O74	2	3	3	S2
O75	2	5	1	H129	5.68	7.68	660,960,0.31
O75	2	5	2	L19
O75	2	5	3	S8
O76	7	7	1	H430	8.58	2.41	540,840,0.92
O76	7	7	2	L14
O76	7	7	3	S1
O77	9	6	1	H304	1.81	5.59	660,960,0.38
O77	9	6	2	L11
O77	9	6	3	S10
O78	8	1	1	H1204	4.25	0.64	600,900,0.9
O78	8	1	2	L18
O78	8	1	3	S15
O79	9	10	1	H106	4.1	0.01	720,1020,0.21
O79	9	10	2	L18
O79	9	10	3	S13
O80	10	5	1	H853	0.97	3.08	690,990,0.91
O80	10	5	2	L2
O80	10	5	3	S3
O81	6	5	1	H425	3.87	3.43	960,1260,0.35
O81	6	5	2	L19
O81	6	5	3	S17
O82	2	2	1	H798	8.48	1.82	540,840,0.93
O82	2	2	2	L18
O82	2	2	3	S10
O83	7	1	1	H527	3.22	6.32	690,990,0.89
O83	7	1	2	L7
O83	7	1	3	S11
O84	7	10	1	H1594	3.88	6.51	720,1020,0.88
O84	7	10	2	L16
O84	7	10	3	S12
O85	8	5	1	H1820	2.64	5.12	870,1170,0.32
O85	8	5	2	L7
O85	8	5	3	S11
O86	7	2	1	H1210	3.26	6.98	600,900,0.73
O86	7	2	2	L10
O86	7	2	3	S17
O87	9	8	1	H1549	5.86	5.14	870,1170,0.64
O87	9	8	2	L2
O87	9	8	3	S11
O88	4	5	1	H1302	3.67	4.8	960,1260,0.4
O88	4	5	2	L6
O88	4	5	3	S11
O89	9	9	1	H1706	2.57	7.08	960,1260,0.34
O89	9	9	2	L6
O89	9	9	3	S2
O90	6	8	1	H1445	5.57	5.95	540,840,0.8
O90	6	8	2	L7
O90	6	8	3	S7
O91	5	3	1	H645	3.66	6.75	840,1140,0.51
O91	5	3	2	L1
O91	5	3	3	S10
O92	7	5	1	H1925	9.63	4.16	660,960,0.37
O92	7	5	2	L18
O92	7	5	3	S8
O93	4	10	1	H1730	6.56	6.2	630,930,0.27
O93	4	10	2	L18
O93	4	10	3	S1
O94	6	2	1	H295	2.51	6.85	570,870,0.7
O94	6	2	2	L1
O94	6	2	3	S2
O95	9	4	1	H1244	7.98	2.11	720,1020,0.52
O95	9	4	2	L2
O95	9	4	3	S8
O96	8	1	1	H1230	5.7	0.4	540,840,0.68
O96	8	1	2	L18
O96	8	1	3	S4
O97	7	9	1	H708	3.74	4.43	870,1170,0.77
O97	7	9	2	L3
O97	7	9	3	S8
O98	1	6	1	H1431	5.73	4.75	960,1260,0.65
O98	1	6	2	L6
O98	1	6	3	S15
O99	3	2	1	H1328	2.15	3.77	960,1260,0.73
O99	3	2	2	L5
O99	3	2	3	S18
O100	10	3	1	H1147	5.45	0.17	660,960,0.46
O100	10	3	2	L18
O100	10	3	3	S8
O101	8	4	1	H646	0.29	3.74	720,1020,0.25
O101	8	4	2	L17
O101	8	4	3	S8
O102	3	5	1	H883	5.07	7.93	630,930,0.95
O102	3	5	2	L16
O102	3	5	3	S13
O103	6	9	1	H1077	4.51	4.55	720,1020,0.77
O103	6	9	2	L3
O103	6	9	3	S12
O104	5	9	1	H1443	9.61	0.86	840,1140,0.38
O104	5	9	2	L4
O104	5	9	3	S13
O105	4	10	1	H1134	0.3	6.34	600,900,0.65
O105	4	10	2	L7
O105	4	10	3	S5
O106	5	6	1	H955	4.78	1.73	540,840,0.59
O106	5	6	2	L18
O106	5	6	3	S17
O107	9	2	1	H1503	7.9	6.79	960,1260,0.57
O107	9	2	2	L6
O107	9	2	3	S6
O108	3	10	1	H280	8.3	4.69	630,930,0.9
O108	3	10	2	L16
O108	3	10	3	S8
O109	3	10	1	H702	4.34	4.16	600,900,0.89
O109	3	10	2	L20
O109	3	10	3	S2
O110	6	8	1	H340	9.47	2.95	840,1140,0.72
O110	6	8	2	L5
O110	6	8	3	S5
O111	2	7	1	H4	6.18	1.48	690,990,0.29
O111	2	7	2	L20
O111	2	7	3	S12
O112	2	5	1	H1010	7.25	2.57	540,840,0.63
O112	2	5	2	L10
O112	2	5	3	S19
O113	4	10	1	H639	2.26	5.98	570,870,0.88
O113	4	10	2	L2
O113	4	10	3	S5
O114	4	3	1	H376	7.3	4.48	960,1260,0.31
O114	4	3	2	L2
O114	4	3	3	S20
O115	5	6	1	H715	8.13	4.37	600,900,0.63
O115	5	6	2	L5
O115	5	6	3	S15
O116	7	6	1	H248	2.19	6.98	840,1140,0.52
O116	7	6	2	L18
O116	7	6	3	S4
O117	10	8	1	H1615	2.81	0.15	720,1020,0.28
O117	10	8	2	L14
O117	10	8	3	S4
O118	10	3	1	H493	4.19	2.83	570,870,0.81
O118	10	3	2	L14
O118	10	3	3	S1
O119	6	7	1	H1038	0.49	7.17	870,1170,0.97
O119	6	7	2	L8
O119	6	7	3	S16
O120	6	4	1	H1700	0.37	4.38	600,900,0.95
O120	6	4	2	L16
O120	6	4	3	S3
O121	1	2	1	H398	1.1	7.27	540,840,0.43
O121	1	2	2	L7
O121	1	2	3	S20
O122	4	10	1	H227	8.34	7.04	540,840,0.25
O122	4	10	2	L12
O122	4	10	3	S4
O123	4	4	1	H651	1.15	7.44	690,990,0.51
O123	4	4	2	L6
O123	4	4	3	S11
O124	2	10	1	H1340	9.13	6.56	630,930,0.45
O124	2	10	2	L17
O124	2	10	3	S17
O125	8	10	1	H174	4.0	0.25	960,1260,0.24
O125	8	10	2	L13
O125	8	10	3	S16
O126	9	3	1	H1654	9.1	2.84	540,840,0.56
O126	9	3	2	L8
O126	9	3	3	S16
O127	2	1	1	H1444	3.17	2.42	540,840,0.85
O127	2	1	2	L3
O127	2	1	3	S19
O128	8	5	1	H1868	6.35	0.54	900,1200,0.32
O128	8	5	2	L2
O128	8	5	3	S7
O129	3	1	1	H238	4.68	5.89	960,1260,0.23
O129	3	1	2	L5
O129	3	1	3	S12
O130	8	9	1	H233	6.41	4.75	690,990,0.83
O130	8	9	2	L3
O130	8	9	3	S2
O131	6	9	1	H1602	2.15	6.74	690,990,0.43
O131	6	9	2	L6
O131	6	9	3	S3
O132	1	2	1	H788	0.69	5.2	900,1200,0.29
O132	1	2	2	L1
O132	1	2	3	S17
O133	5	10	1	H543	3.24	4.26	660,960,0.56
O133	5	10	2	L6
O133	5	10	3	S13
O134	5	2	1	H93	6.15	5.4	570,870,0.67
O134	5	2	2	L6
O134	5	2	3	S11
O135	8	10	1	H1958	2.21	2.95	540,840,0.47
O135	8	10	2	L2
O135	8	10	3	S16
O136	3	2	1	H1381	7.66	7.69	600,900,0.29
O136	3	2	2	L10
O136	3	2	3	S5
O137	5	4	1	H381	6.07	6.51	630,930,0.49
O137	5	4	2	L13
O137	5	4	3	S19
O138	5	4	1	H124	7.14	1.06	660,960,0.99
O138	5	4	2	L14
O138	5	4	3	S1
O139	10	4	1	H1669	7.89	5.3	840,1140,0.53
O139	10	4	2	L5
O139	10	4	3	S3
O140	5	3	1	H667	7.54	3.47	960,1260,0.66
O140	5	3	2	L7
O140	5	3	3	S5
O141	3	9	1	H1428	9.22	0.23	540,840,0.75
O141	3	9	2	L11
O141	3	9	3	S16
O142	1	9	1	H1104	3.31	6.37	720,1020,0.42
O142	1	9	2	L15
O142	1	9	3	S2
O143	6	5	1	H1922	4.57	7.69	600,900,0.91
O143	6	5	2	L13
O143	6	5	3	S17
O144	5	5	1	H857	4.01	6.3	630,930,0.87
O144	5	5	2	L20
O144	5	5	3	S9
O145	6	9	1	H1125	7.93	1.82	660,960,0.2
O145	6	9	2	L12
O145	6	9	3	S4
O146	9	7	1	H1728	4.38	6.81	570,870,0.47
O146	9	7	2	L7
O146	9	7	3	S12
O147	5	6	1	H669	2.04	3.08	600,900,0.4
O147	5	6	2	L18
O147	5	6	3	S11
O148	5	1	1	H1042	1.58	2.16	690,990,0.72
O148	5	1	2	L12
O148	5	1	3	S7
O149	6	9	1	H765	6.04	2.49	660,960,0.84
O149	6	9	2	L18
O149	6	9	3	S18
O150	4	5	1	H294	5.06	0.52	720,1020,0.3
O150	4	5	2	L13
O150	4	5	3	S8
O151	7	7	1	H501	6.78	0.13	690,990,0.67
O151	7	7	2	L4
O151	7	7	3	S8
O152	9	9	1	H1735	7.46	0.95	540,840,0.21
O152	9	9	2	L19
O152	9	9	3	S17
O153	1	5	1	H451	7.57	6.95	900,1200,0.45
O153	1	5	2	L9
O153	1	5	3	S9
O154	9	9	1	H1989	4.08	7.31	960,1260,0.78
O154	9	9	2	L5
O154	9	9	3	S15
O155	10	6	1	H1002	2.6	4.73	690,990,0.68
O155	10	6	2	L18
O155	10	6	3	S17
O156	4	5	1	H1901	1.83	2.96	600,900,0.37
O156	4	5	2	L10
O156	4	5	3	S14
O157	2	6	1	H1005	8.25	6.81	840,1140,0.41
O157	2	6	2	L3
O157	2	6	3	S12
O158	8	3	1	H1381	7.66	7.69	600,900,0.29
O158	8	3	2	L9
O158	8	3	3	S15
O159	7	8	1	H1234	4.83	5.0	570,870,0.88
O159	7	8	2	L17
O159	7	8	3	S11
O160	7	8	1	H1485	4.56	5.67	900,1200,0.46
O160	7	8	2	L17
O160	7	8	3	S11
O161	10	6	1	H1002	2.6	4.73	690,990,0.68
O161	10	6	2	L7
O161	10	6	3	S15
O162	9	1	1	H1857	5.1	0.75	900,1200,0.42
O162	9	1	2	L5
O162	9	1	3	S4
O163	4	9	1	H1025	3.93	1.22	600,900,0.97
O163	4	9	2	L5
O163	4	9	3	S13
O164	5	5	1	H1838	1.99	1.82	960,1260,0.82
O164	5	5	2	L19
O164	5	5	3	S2
O165	9	10	1	H1058	4.57	1.04	660,960,0.82
O165	9	10	2	L4
O165	9	10	3	S4
O166	7	6	1	H31	3.92	0.66	870,1170,0.24
O166	7	6	2	L12
O166	7	6	3	S2
O167	5	1	1	H772	2.65	4.26	720,1020,0.45
O167	5	1	2	L8
O167	5	1	3	S14
O168	7	1	1	H765	6.04	2.49	660,960,0.84
O168	7	1	2	L5
O168	7	1	3	S2
O169	10	2	1	H1230	5.7	0.4	540,840,0.68
O169	10	2	2	L6
O169	10	2	3	S11
O170	9	7	1	H1273	3.28	6.18	660,960,0.84
O170	9	7	2	L16
O170	9	7	3	S9
O171	8	1	1	H595	5.64	3.9	870,1170,0.21
O171	8	1	2	L18
O171	8	1	3	S7
O172	2	6	1	H1618	9.67	4.47	630,930,0.86
O172	2	6	2	L13
O172	2	6	3	S19
O173	4	9	1	H401	0.44	7.58	720,1020,0.78
O173	4	9	2	L18
O173	4	9	3	S3
O174	6	10	1	H1305	6.0	7.39	960,1260,0.77
O174	6	10	2	L4
O174	6	10	3	S3
O175	7	4	1	H1066	2.27	7.66	630,930,0.38
O175	7	4	2	L20
O175	7	4	3	S10
O176	9	3	1	H1616	1.49	6.5	690,990,0.68
O176	9	3	2	L15
O176	9	3	3	S11
O177	9	4	1	H1472	4.88	1.46	660,960,0.7
O177	9	4	2	L6
O177	9	4	3	S18
O178	3	9	1	H1941	3.28	2.16	660,960,0.57
O178	3	9	2	L14
O178	3	9	3	S1
O179	9	3	1	H1092	5.36	2.21	600,900,0.63
O179	9	3	2	L9
O179	9	3	3	S2
O180	10	4	1	H1961	0.46	3.36	900,1200,0.63
O180	10	4	2	L7
O180	10	4	3	S15
O181	1	10	1	H331	0.19	7.64	840,1140,0.75
O181	1	10	2	L2
O181	1	10	3	S10
O182	5	3	1	H1641	5.25	2.27	960,1260,0.56
O182	5	3	2	L9
O182	5	3	3	S4
O183	9	5	1	H1572	2.97	1.65	600,900,0.42
O183	9	5	2	L3
O183	9	5	3	S6
O184	2	7	1	H800	1.85	0.33	570,870,0.24
O184	2	7	2	L5
O184	2	7	3	S19
O185	10	9	1	H1348	4.25	2.16	660,960,0.23
O185	10	9	2	L17
O185	10	9	3	S17
O186	1	5	1	H1509	5.53	5.1	630,930,0.21
O186	1	5	2	L18
O186	1	5	3	S20
O187	6	3	1	H1335	2.23	6.87	600,900,0.67
O187	6	3	2	L14
O187	6	3	3	S20
O188	9	6	1	H805	7.01	6.16	900,1200,0.78
O188	9	6	2	L20
O188	9	6	3	S7
O189	3	3	1	H1638	3.23	2.66	630,930,0.99
O189	3	3	2	L11
O189	3	3	3	S19
O190	9	5	1	H1187	4.26	0.53	960,1260,0.91
O190	9	5	2	L19
O190	9	5	3	S12
O191	8	3	1	H419	5.08	1.19	690,990,0.91
O191	8	3	2	L20
O191	8	3	3	S7
O192	6	10	1	H504	4.44	0.08	900,1200,0.22
O192	6	10	2	L5
O192	6	10	3	S8
O193	9	6	1	H1375	7.5	7.87	630,930,0.98
O193	9	6	2	L17
O193	9	6	3	S10
O194	9	9	1	H978	4.92	3.55	570,870,0.74
O194	9	9	2	L16
O194	9	9	3	S4
O195	8	8	1	H58	0.16	4.29	960,1260,0.54
O195	8	8	2	L9
O195	8	8	3	S7
O196	7	7	1	H1121	3.61	7.82	720,1020,0.48
O196	7	7	2	L15
O196	7	7	3	S3
O197	4	3	1	H1223	8.08	5.62	960,1260,0.3
O197	4	3	2	L8
O197	4	3	3	S1
O198	2	1	1	H1030	1.31	7.58	630,930,0.92
O198	2	1	2	L9
O198	2	1	3	S18
O199	9	3	1	H279	4.37	0.34	720,1020,0.67
O199	9	3	2	L19
O199	9	3	3	S1
O200	5	5	1	H565	7.66	0.37	540,840,0.21
O200	5	5	2	L19
O200	5	5	3	S17
O201	9	4	1	H1244	7.98	2.11	720,1020,0.52
O201	9	4	2	L4
O201	9	4	3	S12
O202	1	5	1	H371	6.58	6.09	540,840,0.27
O202	1	5	2	L3
O202	1	5	3	S18
O203	2	8	1	H1293	8.91	1.56	570,870,0.77
O203	2	8	2	L20
O203	2	8	3	S9
O204	4	2	1	H1350	7.12	4.28	540,840,0.74
O204	4	2	2	L15
O204	4	2	3	S9
O205	8	3	1	H127	9.42	1.83	630,930,0.81
O205	8	3	2	L15
O205	8	3	3	S18
O206	8	10	1	H1142	7.43	7.6	900,1200,0.22
O206	8	10	2	L15
O206	8	10	3	S17
O207	7	8	1	H1554	5.16	7.73	960,1260,0.48
O207	7	8	2	L14
O207	7	8	3	S14
O208	10	4	1	H453	0.14	5.07	870,1170,0.96
O208	10	4	2	L2
O208	10	4	3	S7
O209	4	7	1	H487	2.81	6.89	960,1260,0.73
O209	4	7	2	L7
O209	4	7	3	S17
O210	5	9	1	H1366	1.49	0.94	870,1170,0.9
O210	5	9	2	L13
O210	5	9	3	S16
O211	7	2	1	H475	4.78	0.29	840,1140,0.56
O211	7	2	2	L7
O211	7	2	3	S12
O212	1	5	1	H1962	3.22	5.03	870,1170,1.0
O212	1	5	2	L11
O212	1	5	3	S19
O213	1	7	1	H366	6.74	1.67	540,840,0.76
O213	1	7	2	L7
O213	1	7	3	S9
O214	4	7	1	H116	7.34	0.75	600,900,0.23
O214	4	7	2	L7
O214	4	7	3	S12
O215	7	5	1	H920	0.14	4.81	840,1140,0.39
O215	7	5	2	L16
O215	7	5	3	S10
O216	9	3	1	H738	9.57	5.47	570,870,0.31
O216	9	3	2	L19
O216	9	3	3	S18
O217	8	6	1	H1955	9.09	5.48	660,960,0.44
O217	8	6	2	L7
O217	8	6	3	S18
O218	2	9	1	H527	3.22	6.32	690,990,0.89
O218	2	9	2	L4
O218	2	9	3	S16
O219	4	8	1	H738	9.57	5.47	570,870,0.31
O219	4	8	2	L13
O219	4	8	3	S13
O220	3	2	1	H899	5.07	2.09	690,990,0.88
O220	3	2	2	L20
O220	3	2	3	S12
O221	7	2	1	H1156	8.17	2.87	960,1260,0.38
O221	7	2	2	L13
O221	7	2	3	S11
O222	1	2	1	H156	3.07	6.7	690,990,0.32
O222	1	2	2	L16
O222	1	2	3	S13
O223	7	5	1	H497	7.94	3.82	720,1020,0.97
O223	7	5	2	L19
O223	7	5	3	S17
O224	2	6	1	H1779	1.49	4.67	720,1020,0.36
O224	2	6	2	L11
O224	2	6	3	S3
O225	2	7	1	H1524	3.02	5.6	630,930,0.65
O225	2	7	2	L3
O225	2	7	3	S2
O226	2	8	1	H375	1.66	5.91	720,1020,0.98
O226	2	8	2	L19
O226	2	8	3	S14
O227	7	1	1	H1718	8.76	6.34	570,870,0.65
O227	7	1	2	L18
O227	7	1	3	S11
O228	9	4	1	H1835	7.59	4.88	870,1170,0.74
O228	9	4	2	L9
O228	9	4	3	S9
O229	2	1	1	H780	1.7	3.33	630,930,0.79
O229	2	1	2	L19
O229	2	1	3	S5
O230	3	7	1	H999	2.63	5.01	660,960,0.47
O230	3	7	2	L15
O230	3	7	3	S12
O231	4	6	1	H533	3.86	2.63	900,1200,0.73
O231	4	6	2	L1
O231	4	6	3	S17
O232	6	3	1	H225	6.98	6.7	630,930,0.42
O232	6	3	2	L15
O232	6	3	3	S13
O233	3	1	1	H312	0.37	2.88	630,930,0.46
O233	3	1	2	L17
O233	3	1	3	S13
O234	6	5	1	H158	1.01	0.11	840,1140,0.62
O234	6	5	2	L13
O234	6	5	3	S13
O235	9	9	1	H742	6.75	7.54	540,840,0.9
O235	9	9	2	L8
O235	9	9	3	S3
O236	9	3	1	H1157	1.93	1.3	570,870,0.72
O236	9	3	2	L16
O236	9	3	3	S7
O237	4	9	1	H261	5.57	0.19	540,840,0.89
O237	4	9	2	L9
O237	4	9	3	S14
O238	5	1	1	H353	6.49	4.12	840,1140,0.56
O238	5	1	2	L15
O238	5	1	3	S1
O239	3	2	1	H1278	7.54	6.64	960,1260,0.3
O239	3	2	2	L5
O239	3	2	3	S2
O240	7	7	1	H458	5.23	4.47	570,870,0.79
O240	7	7	2	L13
O240	7	7	3	S16
O241	7	10	1	H675	0.88	6.08	960,1260,0.46
O241	7	10	2	L1
O241	7	10	3	S2
O242	5	8	1	H1633	8.83	1.71	900,1200,0.91
O242	5	8	2	L11
O242	5	8	3	S1
O243	10	4	1	H1620	0.41	5.72	720,1020,1.0
O243	10	4	2	L14
O243	10	4	3	S20
O244	2	8	1	H1931	4.33	3.56	840,1140,0.66
O244	2	8	2	L20
O244	2	8	3	S4
O245	10	5	1	H1205	3.28	5.93	600,900,0.23
O245	10	5	2	L18
O245	10	5	3	S3
O246	6	9	1	H1885	6.83	1.44	900,1200,0.65
O246	6	9	2	L10
O246	6	9	3	S16
O247	4	6	1	H1914	9.69	2.19	840,1140,0.8
O247	4	6	2	L8
O247	4	6	3	S1
O248	10	3	1	H1909	3.39	3.01	540,840,0.9
O248	10	3	2	L15
O248	10	3	3	S15
O249	8	10	1	H191	7.97	4.49	840,1140,0.82
O249	8	10	2	L9
O249	8	10	3	S18
O250	9	5	1	H792	8.93	3.15	540,840,0.49
O250	9	5	2	L20
O250	9	5	3	S9
O251	2	10	1	H1443	9.61	0.86	840,1140,0.38
O251	2	10	2	L16
O251	2	10	3	S6
O252	8	3	1	H352	0.96	5.33	570,870,0.66
O252	8	3	2	L18
O252	8	3	3	S1
O253	4	5	1	H764	4.37	5.62	870,1170,0.63
O253	4	5	2	L6
O253	4	5	3	S8
O254	7	9	1	H535	2.64	3.68	840,1140,0.29
O254	7	9	2	L11
O254	7	9	3	S8
O255	1	5	1	H1082	2.12	6.17	600,900,0.54
O255	1	5	2	L3
O255	1	5	3	S17
O256	5	1	1	H569	9.97	7.01	630,930,0.47
O256	5	1	2	L9
O256	5	1	3	S2
O257	3	2	1	H262	0.97	6.23	960,1260,0.67
O257	3	2	2	L9
O257	3	2	3	S15
O258	5	4	1	H1707	5.83	5.54	960,1260,0.25
O258	5	4	2	L19
O258	5	4	3	S16
O259	1	6	1	H96	2.84	2.23	630,930,0.62
O259	1	6	2	L4
O259	1	6	3	S2
O260	6	1	1	H1224	7.39	5.59	660,960,0.56
O260	6	1	2	L20
O260	6	1	3	S18
O261	2	10	1	H1937	3.69	1.76	540,840,0.67
O261	2	10	2	L1
O261	2	10	3	S1
O262	4	3	1	H1279	5.24	6.88	630,930,0.3
O262	4	3	2	L2
O262	4	3	3	S1
O263	5	6	1	H532	7.69	3.83	960,1260,1.0
O263	5	6	2	L14
O263	5	6	3	S17
O264	5	4	1	H565	7.66	0.37	540,840,0.21
O264	5	4	2	L9
O264	5	4	3	S17
O265	10	1	1	H1759	1.31	7.32	630,930,0.68
O265	10	1	2	L20
O265	10	1	3	S3
O266	10	2	1	H399	2.56	2.75	870,1170,0.92
O266	10	2	2	L5
O266	10	2	3	S18
O267	7	1	1	H889	1.18	3.56	870,1170,0.87
O267	7	1	2	L17
O267	7	1	3	S16
O268	4	4	1	H368	2.53	0.56	840,1140,0.39
O268	4	4	2	L17
O268	4	4	3	S8
O269	9	3	1	H1029	1.34	6.17	570,870,0.24
O269	9	3	2	L18
O269	9	3	3	S9
O270	6	6	1	H1393	6.19	3.83	660,960,0.44
O270	6	6	2	L7
O270	6	6	3	S10
O271	7	1	1	H420	8.53	5.86	900,1200,0.73
O271	7	1	2	L6
O271	7	1	3	S20
O272	4	4	1	H571	0.95	1.48	720,1020,0.53
O272	4	4	2	L9
O272	4	4	3	S17
O273	4	8	1	H1075	1.53	5.06	840,1140,0.78
O273	4	8	2	L8
O273	4	8	3	S3
O274	6	9	1	H1491	0.61	3.21	540,840,0.81
O274	6	9	2	L4
O274	6	9	3	S15
O275	1	8	1	H683	8.24	5.68	720,1020,0.82
O275	1	8	2	L19
O275	1	8	3	S15
O276	1	1	1	H171	9.49	5.33	900,1200,0.91
O276	1	1	2	L18
O276	1	1	3	S3
O277	7	4	1	H1716	4.26	1.99	600,900,0.41
O277	7	4	2	L3
O277	7	4	3	S7
O278	4	9	1	H1325	0.59	6.11	960,1260,0.2
O278	4	9	2	L17
O278	4	9	3	S3
O279	7	3	1	H175	9.36	7.56	600,900,0.27
O279	7	3	2	L15
O279	7	3	3	S18
O280	3	2	1	H1504	3.07	6.58	570,870,0.54
O280	3	2	2	L8
O280	3	2	3	S12
O281	9	2	1	H1258	7.83	7.38	660,960,0.58
O281	9	2	2	L20
O281	9	2	3	S8
O282	6	5	1	H303	4.98	6.78	690,990,0.62
O282	6	5	2	L15
O282	6	5	3	S2
O283	5	9	1	H901	4.67	7.51	660,960,0.21
O283	5	9	2	L7
O283	5	9	3	S1
O284	10	5	1	H1327	7.32	4.85	720,1020,0.21
O284	10	5	2	L1
O284	10	5	3	S18
O285	6	1	1	H1606	2.73	4.35	720,1020,0.84
O285	6	1	2	L10
O285	6	1	3	S19
O286	3	10	1	H1242	1.77	3.41	690,990,0.82
O286	3	10	2	L1
O286	3	10	3	S19
O287	5	10	1	H669	2.04	3.08	600,900,0.4
O287	5	10	2	L8
O287	5	10	3	S6
O288	1	9	1	H930	3.26	6.8	690,990,0.35
O288	1	9	2	L8
O288	1	9	3	S13
O289	3	6	1	H121	4.18	3.4	540,840,0.76
O289	3	6	2	L14
O289	3	6	3	S13
O290	8	9	1	H1581	0.8	0.21	660,960,0.77
O290	8	9	2	L6
O290	8	9	3	S19
O291	6	9	1	H487	2.81	6.89	960,1260,0.73
O291	6	9	2	L16
O291	6	9	3	S15
O292	4	2	1	H1015	2.66	6.18	630,930,0.43
O292	4	2	2	L1
O292	4	2	3	S18
O293	2	3	1	H1615	2.81	0.15	720,1020,0.28
O293	2	3	2	L3
O293	2	3	3	S12
O294	4	9	1	H1437	4.9	3.99	840,1140,0.99
O294	4	9	2	L9
O294	4	9	3	S8
O295	6	5	1	H1795	8.08	4.09	960,1260,0.98
O295	6	5	2	L12
O295	6	5	3	S7
O296	1	4	1	H68	0.69	1.14	540,840,0.35
O296	1	4	2	L1
O296	1	4	3	S20
O297	3	4	1	H3	6.01	2.85	540,840,0.67
O297	3	4	2	L16
O297	3	4	3	S11
O298	9	9	1	H712	0.85	6.64	900,1200,0.84
O298	9	9	2	L11
O298	9	9	3	S9
O299	1	9	1	H288	1.73	5.01	630,930,0.39
O299	1	9	2	L10
O299	1	9	3	S11
O300	1	3	1	H1086	6.82	2.22	720,1020,0.58
O300	1	3	2	L18
O300	1	3	3	S2
O301	10	7	1	H503	4.0	6.06	720,1020,0.6
O301	10	7	2	L4
O301	10	7	3	S10
O302	10	9	1	H1965	3.6	6.97	600,900,0.35
O302	10	9	2	L17
O302	10	9	3	S3
O303	3	1	1	H942	4.82	3.0	570,870,0.35
O303	3	1	2	L15
O303	3	1	3	S13
O304	1	9	1	H255	4.06	1.48	570,870,0.54
O304	1	9	2	L1
O304	1	9	3	S17
O305	3	5	1	H1399	9.96	5.15	900,1200,0.92
O305	3	5	2	L3
O305	3	5	3	S14
O306	2	6	1	H333	4.43	1.45	540,840,0.83
O306	2	6	2	L1
O306	2	6	3	S7
O307	4	8	1	H1609	8.19	3.54	690,990,0.67
O307	4	8	2	L5
O307	4	8	3	S18
O308	8	3	1	H84	4.82	3.5	870,1170,0.22
O308	8	3	2	L20
O308	8	3	3	S3
O309	2	10	1	H936	1.16	4.68	600,900,0.27
O309	2	10	2	L2
O309	2	10	3	S15
O310	6	9	1	H694	6.71	3.68	870,1170,0.96
O310	6	9	2	L4
O310	6	9	3	S1
O311	2	1	1	H1763	5.28	2.6	630,930,0.84
O311	2	1	2	L13
O311	2	1	3	S7
O312	8	7	1	H997	5.48	0.05	570,870,0.69
O312	8	7	2	L2
O312	8	7	3	S5
O313	5	9	1	H1620	0.41	5.72	720,1020,1.0
O313	5	9	2	L14
O313	5	9	3	S6
O314	7	8	1	H967	6.18	4.1	630,930,0.8
O314	7	8	2	L16
O314	7	8	3	S8
O315	9	5	1	H442	2.12	4.69	690,990,0.78
O315	9	5	2	L12
O315	9	5	3	S18
O316	2	5	1	H8	1.88	0.17	870,1170,0.22
O316	2	5	2	L18
O316	2	5	3	S4
O317	4	4	1	H233	6.41	4.75	690,990,0.83
O317	4	4	2	L16
O317	4	4	3	S8
O318	10	4	1	H474	3.77	3.38	630,930,0.76
O318	10	4	2	L1
O318	10	4	3	S5
O319	2	6	1	H1766	5.75	0.29	960,1260,0.34
O319	2	6	2	L6
O319	2	6	3	S10
O320	6	5	1	H1250	0.8	3.03	690,990,0.71
O320	6	5	2	L6
O320	6	5	3	S9
O321	7	3	1	H1246	8.47	1.27	840,1140,0.96
O321	7	3	2	L2
O321	7	3	3	S19
O322	5	9	1	H1078	2.07	2.48	840,1140,0.3
O322	5	9	2	L2
O322	5	9	3	S19
O323	3	5	1	H1803	6.19	3.43	900,1200,0.42
O323	3	5	2	L2
O323	3	5	3	S19
O324	10	9	1	H1686	5.01	2.55	600,900,0.29
O324	10	9	2	L15
O324	10	9	3	S2
O325	9	3	1	H1690	3.96	2.67	690,990,0.34
O325	9	3	2	L17
O325	9	3	3	S7
O326	3	1	1	H1961	0.46	3.36	900,1200,0.63
O326	3	1	2	L20
O326	3	1	3	S7
O327	9	4	1	H792	8.93	3.15	540,840,0.49
O327	9	4	2	L10
O327	9	4	3	S17
O328	4	2	1	H1460	5.57	0.8	570,870,0.91
O328	4	2	2	L20
O328	4	2	3	S15
O329	4	7	1	H508	9.57	3.93	660,960,0.33
O329	4	7	2	L10
O329	4	7	3	S17
O330	2	5	1	H814	9.52	5.56	660,960,0.54
O330	2	5	2	L14
O330	2	5	3	S12
O331	8	1	1	H676	6.3	2.55	630,930,0.5
O331	8	1	2	L18
O331	8	1	3	S2
O332	10	7	1	H856	9.44	4.14	720,1020,0.23
O332	10	7	2	L7
O332	10	7	3	S3
O333	3	4	1	H1856	2.51	0.7	840,1140,0.56
O333	3	4	2	L10
O333	3	4	3	S9
O334	6	3	1	H441	5.76	6.14	630,930,0.25
O334	6	3	2	L10
O334	6	3	3	S4
O335	7	8	1	H1592	0.46	2.73	690,990,0.35
O335	7	8	2	L8
O335	7	8	3	S16
O336	1	5	1	H1930	9.4	3.06	540,840,0.74
O336	1	5	2	L17
O336	1	5	3	S19
O337	8	1	1	H1926	0.3	7.89	960,1260,0.93
O337	8	1	2	L4
O337	8	1	3	S17
O338	3	4	1	H1373	2.22	5.7	600,900,0.86
O338	3	4	2	L6
O338	3	4	3	S15
O339	3	6	1	H794	7.98	5.11	600,900,0.87
O339	3	6	2	L2
O339	3	6	3	S16
O340	7	10	1	H1217	0.4	1.68	600,900,0.23
O340	7	10	2	L5
O340	7	10	3	S11
O341	7	5	1	H904	3.1	0.97	720,1020,0.34
O341	7	5	2	L5
O341	7	5	3	S19
O342	7	2	1	H243	3.95	2.84	870,1170,0.47
O342	7	2	2	L11
O342	7	2	3	S3
O343	8	8	1	H1368	3.54	4.06	570,870,0.56
O343	8	8	2	L11
O343	8	8	3	S2
O344	4	10	1	H749	2.84	0.87	960,1260,0.63
O344	4	10	2	L4
O344	4	10	3	S9
O345	3	6	1	H732	1.68	6.49	900,1200,0.6
O345	3	6	2	L17
O345	3	6	3	S17
O346	6	2	1	H800	1.85	0.33	570,870,0.24
O346	6	2	2	L7
O346	6	2	3	S19
O347	3	5	1	H1013	3.65	1.45	690,990,0.79
O347	3	5	2	L5
O347	3	5	3	S13
O348	1	9	1	H1115	9.0	3.71	690,990,0.78
O348	1	9	2	L1
O348	1	9	3	S12
O349	3	5	1	H977	8.16	0.35	720,1020,0.29
O349	3	5	2	L5
O349	3	5	3	S12
O350	6	9	1	H1920	0.6	1.08	630,930,0.49
O350	6	9	2	L17
O350	6	9	3	S1
O351	6	10	1	H1722	8.56	3.29	570,870,0.72
O351	6	10	2	L4
O351	6	10	3	S9
O352	8	3	1	H1588	2.15	3.35	720,1020,0.7
O352	8	3	2	L5
O352	8	3	3	S4
O353	1	9	1	H1080	2.44	4.65	690,990,0.85
O353	1	9	2	L17
O353	1	9	3	S6
O354	10	7	1	H1246	8.47	1.27	840,1140,0.96
O354	10	7	2	L13
O354	10	7	3	S13
O355	9	6	1	H1176	4.57	5.98	840,1140,0.27
O355	9	6	2	L10
O355	9	6	3	S16
O356	6	3	1	H667	7.54	3.47	960,1260,0.66
O356	6	3	2	L12
O356	6	3	3	S10
O357	5	8	1	H1417	6.99	7.25	960,1260,0.26
O357	5	8	2	L2
O357	5	8	3	S3
O358	5	9	1	H1142	7.43	7.6	900,1200,0.22
O358	5	9	2	L12
O358	5	9	3	S13
O359	2	4	1	H1807	3.0	7.11	960,1260,0.33
O359	2	4	2	L18
O359	2	4	3	S20
O360	4	4	1	H1993	5.49	2.16	870,1170,0.92
O360	4	4	2	L4
O360	4	4	3	S10
O361	8	7	1	H1143	6.18	4.6	720,1020,0.68
O361	8	7	2	L19
O361	8	7	3	S8
O362	6	5	1	H136	8.07	6.79	540,840,0.76
O362	6	5	2	L10
O362	6	5	3	S5
O363	2	8	1	H59	8.82	1.94	540,840,0.84
O363	2	8	2	L9
O363	2	8	3	S11
O364	7	9	1	H157	2.87	7.82	900,1200,0.55
O364	7	9	2	L15
O364	7	9	3	S20
O365	7	9	1	H1790	8.31	0.44	900,1200,0.44
O365	7	9	2	L14
O365	7	9	3	S14
O366	8	10	1	H53	6.84	6.94	570,870,0.94
O366	8	10	2	L4
O366	8	10	3	S10
O367	1	10	1	H263	6.75	1.27	870,1170,0.71
O367	1	10	2	L20
O367	1	10	3	S18
O368	10	9	1	H871	5.68	3.43	960,1260,0.29
O368	10	9	2	L10
O368	10	9	3	S5
O369	3	8	1	H1778	4.77	5.17	600,900,0.44
O369	3	8	2	L3
O369	3	8	3	S18
O370	1	3	1	H1403	4.1	0.42	870,1170,0.61
O370	1	3	2	L11
O370	1	3	3	S11
O371	8	4	1	H580	6.44	6.12	690,990,0.46
O371	8	4	2	L11
O371	8	4	3	S5
O372	9	9	1	H726	0.6	5.77	900,1200,0.47
O372	9	9	2	L18
O372	9	9	3	S18
O373	1	3	1	H547	1.17	0.01	900,1200,0.24
O373	1	3	2	L8
O373	1	3	3	S6
O374	10	6	1	H1639	2.58	3.13	690,990,0.25
O374	10	6	2	L13
O374	10	6	3	S17
O375	2	9	1	H1554	5.16	7.73	960,1260,0.48
O375	2	9	2	L11
O375	2	9	3	S4
O376	8	10	1	H242	3.29	3.95	870,1170,0.82
O376	8	10	2	L10
O376	8	10	3	S9
O377	1	6	1	H1456	9.89	1.07	900,1200,0.93
O377	1	6	2	L1
O377	1	6	3	S10
O378	5	3	1	H419	5.08	1.19	690,990,0.91
O378	5	3	2	L3
O378	5	3	3	S17
O379	7	4	1	H1781	1.11	7.93	690,990,0.29
O379	7	4	2	L19
O379	7	4	3	S19
O380	9	3	1	H275	2.89	4.84	660,960,0.89
O380	9	3	2	L9
O380	9	3	3	S7
O381	8	1	1	H1042	1.58	2.16	690,990,0.72
O381	8	1	2	L6
O381	8	1	3	S7
O382	9	10	1	H274	3.98	4.71	720,1020,0.84
O382	9	10	2	L14
O382	9	10	3	S13
O383	7	1	1	H504	4.44	0.08	900,1200,0.22
O383	7	1	2	L3
O383	7	1	3	S19
O384	1	9	1	H747	9.62	6.44	690,990,0.51
O384	1	9	2	L8
O384	1	9	3	S4
O385	5	6	1	H436	3.86	7.23	960,1260,0.76
O385	5	6	2	L6
O385	5	6	3	S19
O386	6	4	1	H1929	6.62	5.7	720,1020,0.73
O386	6	4	2	L16
O386	6	4	3	S19
O387	9	5	1	H1130	5.31	1.62	870,1170,0.76
O387	9	5	2	L4
O387	9	5	3	S16
O388	4	10	1	H251	7.16	3.2	870,1170,0.8
O388	4	10	2	L20
O388	4	10	3	S4
O389	3	8	1	H1406	1.58	3.89	870,1170,0.83
O389	3	8	2	L4
O389	3	8	3	S19
O390	2	7	1	H1394	8.06	0.62	960,1260,0.71
O390	2	7	2	L15
O390	2	7	3	S9
O391	7	7	1	H1070	2.27	4.8	840,1140,0.89
O391	7	7	2	L18
O391	7	7	3	S16
O392	10	4	1	H1333	4.61	3.07	840,1140,0.72
O392	10	4	2	L16
O392	10	4	3	S1
O393	10	1	1	H308	9.49	6.65	870,1170,0.25
O393	10	1	2	L5
O393	10	1	3	S7
O394	7	3	1	H977	8.16	0.35	720,1020,0.29
O394	7	3	2	L19
O394	7	3	3	S17
O395	1	2	1	H506	0.04	7.23	900,1200,0.34
O395	1	2	2	L8
O395	1	2	3	S11
O396	4	8	1	H1	8.61	2.83	900,1200,0.63
O396	4	8	2	L3
O396	4	8	3	S11
O397	3	8	1	H1714	5.17	0.94	900,1200,0.74
O397	3	8	2	L16
O397	3	8	3	S9
O398	9	5	1	H1569	4.44	4.83	540,840,0.62
O398	9	5	2	L7
O398	9	5	3	S20
O399	7	4	1	H1027	1.48	3.8	870,1170,0.73
O399	7	4	2	L9
O399	7	4	3	S8
O400	9	1	1	H571	0.95	1.48	720,1020,0.53
O400	9	1	2	L14
O400	9	1	3	S2
O401	4	7	1	H1170	6.25	1.89	900,1200,0.68
O401	4	7	2	L3
O401	4	7	3	S15
O402	6	5	1	H655	9.89	4.96	570,870,0.74
O402	6	5	2	L4
O402	6	5	3	S13
O403	1	8	1	H513	7.78	3.14	720,1020,0.23
O403	1	8	2	L5
O403	1	8	3	S19
O404	8	9	1	H287	6.07	0.14	840,1140,0.63
O404	8	9	2	L2
O404	8	9	3	S16
O405	3	3	1	H1924	7.03	0.75	630,930,0.66
O405	3	3	2	L5
O405	3	3	3	S6
O406	8	8	1	H1465	7.37	1.16	960,1260,0.62
O406	8	8	2	L8
O406	8	8	3	S2
O407	2	9	1	H1346	7.84	4.95	720,1020,0.56
O407	2	9	2	L11
O407	2	9	3	S15
O408	6	8	1	H1113	0.96	7.41	570,870,0.36
O408	6	8	2	L1
O408	6	8	3	S5
O409	4	4	1	H707	8.29	4.2	630,930,0.8
O409	4	4	2	L19
O409	4	4	3	S13
O410	1	1	1	H168	8.16	5.05	690,990,0.96
O410	1	1	2	L7
O410	1	1	3	S1
O411	8	4	1	H811	2.77	5.28	960,1260,0.27
O411	8	4	2	L13
O411	8	4	3	S19
O412	8	3	1	H1908	7.41	4.1	540,840,0.67
O412	8	3	2	L14
O412	8	3	3	S10
O413	3	10	1	H1531	3.12	3.67	720,1020,0.48
O413	3	10	2	L16
O413	3	10	3	S14
O414	3	2	1	H1573	2.83	5.85	570,870,0.48
O414	3	2	2	L13
O414	3	2	3	S12
O415	5	8	1	H1138	8.94	5.08	960,1260,0.66
O415	5	8	2	L10
O415	5	8	3	S4
O416	6	9	1	H439	7.0	2.68	870,1170,0.76
O416	6	9	2	L7
O416	6	9	3	S13
O417	7	7	1	H1702	8.35	2.31	630,930,0.46
O417	7	7	2	L12
O417	7	7	3	S13
O418	6	8	1	H1140	6.52	3.66	570,870,0.3
O418	6	8	2	L16
O418	6	8	3	S1
O419	1	4	1	H143	7.95	6.19	960,1260,0.36
O419	1	4	2	L9
O419	1	4	3	S9
O420	7	8	1	H51	0.21	1.56	900,1200,0.37
O420	7	8	2	L13
O420	7	8	3	S20
O421	10	4	1	H595	5.64	3.9	870,1170,0.21
O421	10	4	2	L13
O421	10	4	3	S4
O422	2	4	1	H1078	2.07	2.48	840,1140,0.3
O422	2	4	2	L19
O422	2	4	3	S4
O423	1	6	1	H390	4.67	6.01	900,1200,0.76
O423	1	6	2	L1
O423	1	6	3	S1
O424	3	5	1	H702	4.34	4.16	600,900,0.89
O424	3	5	2	L2
O424	3	5	3	S11
O425	4	8	1	H204	3.28	6.53	690,990,0.38
O425	4	8	2	L8
O425	4	8	3	S12
O426	5	6	1	H694	6.71	3.68	870,1170,0.96
O426	5	6	2	L11
O426	5	6	3	S14
O427	5	1	1	H1244	7.98	2.11	720,1020,0.52
O427	5	1	2	L11
O427	5	1	3	S17
O428	9	1	1	H168	8.16	5.05	690,990,0.96
O428	9	1	2	L9
O428	9	1	3	S9
O429	6	2	1	H1034	0.01	7.52	960,1260,0.44
O429	6	2	2	L5
O429	6	2	3	S17
O430	3	8	1	H265	4.37	4.42	660,960,0.82
O430	3	8	2	L11
O430	3	8	3	S20
O431	4	6	1	H1106	9.66	4.84	690,990,1.0
O431	4	6	2	L16
O431	4	6	3	S7
O432	1	4	1	H1077	4.51	4.55	720,1020,0.77
O432	1	4	2	L5
O432	1	4	3	S19
O433	6	3	1	H1827	6.56	5.23	630,930,0.31
O433	6	3	2	L12
O433	6	3	3	S6
O434	4	5	1	H1311	4.07	4.08	540,840,0.58
O434	4	5	2	L8
O434	4	5	3	S18
O435	2	9	1	H599	7.76	2.69	540,840,0.58
O435	2	9	2	L6
O435	2	9	3	S13
O436	3	2	1	H827	1.11	0.47	690,990,0.6
O436	3	2	2	L16
O436	3	2	3	S9
O437	9	1	1	H267	1.18	6.42	570,870,0.52
O437	9	1	2	L10
O437	9	1	3	S9
O438	2	1	1	H1631	9.85	5.75	720,1020,0.8
O438	2	1	2	L2
O438	2	1	3	S13
O439	4	7	1	H628	5.9	0.74	870,1170,0.3
O439	4	7	2	L19
O439	4	7	3	S9
O440	10	7	1	H633	4.1	4.92	570,870,0.53
O440	10	7	2	L16
O440	10	7	3	S4
O441	10	10	1	H844	5.05	0.21	720,1020,0.57
O441	10	10	2	L17
O441	10	10	3	S14
O442	1	5	1	H1927	5.42	5.19	600,900,0.58
O442	1	5	2	L9
O442	1	5	3	S11
O443	2	2	1	H1828	8.56	5.01	600,900,0.56
O443	2	2	2	L19
O443	2	2	3	S19
O444	3	6	1	H723	7.12	7.16	690,990,0.73
O444	3	6	2	L18
O444	3	6	3	S19
O445	1	3	1	H164	2.38	0.27	690,990,0.8
O445	1	3	2	L12
O445	1	3	3	S7
O446	1	3	1	H1266	7.44	2.33	720,1020,0.99
O446	1	3	2	L20
O446	1	3	3	S8
O447	8	5	1	H163	6.21	1.63	570,870,0.85
O447	8	5	2	L7
O447	8	5	3	S20
O448	5	9	1	H1427	8.61	6.56	570,870,0.99
O448	5	9	2	L11
O448	5	9	3	S15
O449	6	5	1	H669	2.04	3.08	600,900,0.4
O449	6	5	2	L10
O449	6	5	3	S9
O450	8	1	1	H1088	2.51	6.25	540,840,0.64
O450	8	1	2	L12
O450	8	1	3	S17
O451	8	3	1	H1482	5.54	2.76	660,960,0.42
O451	8	3	2	L8
O451	8	3	3	S4
O452	5	10	1	H603	1.22	5.96	720,1020,0.39
O452	5	10	2	L8
O452	5	10	3	S15
O453	7	3	1	H744	5.44	5.51	900,1200,0.77
O453	7	3	2	L19
O453	7	3	3	S2
O454	1	4	1	H1834	8.98	0.83	690,990,0.47
O454	1	4	2	L8
O454	1	4	3	S1
O455	3	1	1	H1972	2.0	4.26	720,1020,0.36
O455	3	1	2	L18
O455	3	1	3	S13
O456	9	7	1	H1738	2.74	6.01	690,990,0.27
O456	9	7	2	L8
O456	9	7	3	S20
O457	1	9	1	H1378	3.82	1.27	660,960,0.8
O457	1	9	2	L18
O457	1	9	3	S7
O458	9	9	1	H201	6.36	1.26	600,900,0.56
O458	9	9	2	L19
O458	9	9	3	S14
O459	3	6	1	H707	8.29	4.2	630,930,0.8
O459	3	6	2	L8
O459	3	6	3	S5
O460	6	1	1	H478	7.92	2.43	630,930,0.51
O460	6	1	2	L18
O460	6	1	3	S16
O461	9	6	1	H742	6.75	7.54	540,840,0.9
O461	9	6	2	L13
O461	9	6	3	S20
O462	9	3	1	H1819	2.72	5.88	690,990,0.93
O462	9	3	2	L20
O462	9	3	3	S14
O463	6	8	1	H1641	5.25	2.27	960,1260,0.56
O463	6	8	2	L5
O463	6	8	3	S15
O464	8	2	1	H579	0.58	7.76	660,960,0.32
O464	8	2	2	L2
O464	8	2	3	S3
O465	7	5	1	H1073	2.24	0.08	690,990,0.9
O465	7	5	2	L2
O465	7	5	3	S19
O466	4	8	1	H973	3.22	7.49	870,1170,0.97
O466	4	8	2	L2
O466	4	8	3	S1
O467	2	3	1	H1226	6.31	1.09	630,930,0.93
O467	2	3	2	L18
O467	2	3	3	S12
O468	2	5	1	H1655	3.91	4.63	840,1140,0.43
O468	2	5	2	L7
O468	2	5	3	S19
O469	3	9	1	H259	8.05	4.58	600,900,0.97
O469	3	9	2	L7
O469	3	9	3	S16
O470	4	5	1	H1719	3.16	6.78	690,990,0.72
O470	4	5	2	L1
O470	4	5	3	S20
O471	8	2	1	H1039	6.57	0.17	570,870,0.88
O471	8	2	2	L15
O471	8	2	3	S20
O472	2	6	1	H841	4.4	2.24	600,900,0.51
O472	2	6	2	L16
O472	2	6	3	S7
O473	6	7	1	H317	7.41	5.36	720,1020,0.94
O473	6	7	2	L14
O473	6	7	3	S11
O474	8	5	1	H903	3.65	4.17	720,1020,0.31
O474	8	5	2	L6
O474	8	5	3	S2
O475	5	6	1	H139	7.47	1.34	600,900,0.91
O475	5	6	2	L11
O475	5	6	3	S2
O476	1	5	1	H1079	6.6	5.09	690,990,0.74
O476	1	5	2	L15
O476	1	5	3	S13
O477	6	10	1	H105	9.22	3.63	900,1200,0.85
O477	6	10	2	L2
O477	6	10	3	S17
O478	1	10	1	H1389	8.63	6.78	840,1140,0.65
O478	1	10	2	L13
O478	1	10	3	S17
O479	1	7	1	H917	3.86	1.83	570,870,0.4
O479	1	7	2	L17
O479	1	7	3	S1
O480	5	1	1	H1442	3.32	4.62	960,1260,0.47
O480	5	1	2	L3
O480	5	1	3	S11
O481	6	6	1	H1047	0.56	5.67	660,960,0.78
O481	6	6	2	L12
O481	6	6	3	S6
O482	4	2	1	H416	7.37	1.02	720,1020,0.51
O482	4	2	2	L17
O482	4	2	3	S7
O483	4	9	1	H1039	6.57	0.17	570,870,0.88
O483	4	9	2	L3
O483	4	9	3	S20
O484	7	2	1	H1846	0.49	6.18	870,1170,0.21
O484	7	2	2	L8
O484	7	2	3	S6
O485	2	3	1	H1406	1.58	3.89	870,1170,0.83
O485	2	3	2	L1
O485	2	3	3	S3
O486	10	5	1	H128	5.5	2.41	570,870,0.81
O486	10	5	2	L18
O486	10	5	3	S2
O487	5	4	1	H798	8.48	1.82	540,840,0.93
O487	5	4	2	L18
O487	5	4	3	S18
O488	5	10	1	H24	4.64	3.59	720,1020,0.66
O488	5	10	2	L16
O488	5	10	3	S2
O489	2	2	1	H1639	2.58	3.13	690,990,0.25
O489	2	2	2	L15
O489	2	2	3	S14
O490	9	4	1	H1473	4.8	4.27	840,1140,0.86
O490	9	4	2	L17
O490	9	4	3	S10
O491	6	3	1	H333	4.43	1.45	540,840,0.83
O491	6	3	2	L8
O491	6	3	3	S8
O492	1	8	1	H1104	3.31	6.37	720,1020,0.42
O492	1	8	2	L15
O492	1	8	3	S5
O493	9	8	1	H1990	8.63	2.05	660,960,0.92
O493	9	8	2	L7
O493	9	8	3	S14
O494	1	7	1	H512	7.45	2.13	540,840,0.92
O494	1	7	2	L14
O494	1	7	3	S4
O495	7	10	1	H121	4.18	3.4	540,840,0.76
O495	7	10	2	L19
O495	7	10	3	S10
O496	2	7	1	H1799	6.89	2.48	630,930,0.92
O496	2	7	2	L14
O496	2	7	3	S16
O497	7	10	1	H663	4.29	2.52	900,1200,0.7
O497	7	10	2	L18
O497	7	10	3	S16
O498	2	3	1	H922	8.59	5.98	840,1140,0.44
O498	2	3	2	L13
O498	2	3	3	S17
O499	5	8	1	H1667	4.81	2.2	690,990,0.46
O499	5	8	2	L8
O499	5	8	3	S19
O500	7	4	1	H1935	9.06	3.89	960,1260,0.95
O500	7	4	2	L9
O500	7	4	3	S19
O501	9	1	1	H324	3.34	2.08	900,1200,0.98
O501	9	1	2	L13
O501	9	1	3	S1
O502	10	3	1	H347	3.02	6.05	540,840,0.42
O502	10	3	2	L2
O502	10	3	3	S17
O503	3	1	1	H1565	0.12	3.08	870,1170,0.33
O503	3	1	2	L4
O503	3	1	3	S20
O504	8	8	1	H1981	1.34	3.96	540,840,0.39
O504	8	8	2	L16
O504	8	8	3	S14
O505	10	4	1	H1676	2.53	7.46	630,930,0.93
O505	10	4	2	L9
O505	10	4	3	S5
O506	10	10	1	H790	7.59	7.94	690,990,0.76
O506	10	10	2	L20
O506	10	10	3	S4
O507	10	8	1	H758	4.63	2.95	960,1260,0.39
O507	10	8	2	L20
O507	10	8	3	S11
O508	2	6	1	H1858	5.0	0.37	570,870,0.87
O508	2	6	2	L5
O508	2	6	3	S3
O509	10	10	1	H1155	2.79	7.51	570,870,0.63
O509	10	10	2	L14
O509	10	10	3	S14
O510	4	2	1	H1000	8.44	7.16	660,960,0.74
O510	4	2	2	L14
O510	4	2	3	S12
O511	10	8	1	H207	6.48	3.22	600,900,0.25
O511	10	8	2	L17
O511	10	8	3	S13
O512	7	1	1	H1561	8.95	5.58	840,1140,0.85
O512	7	1	2	L11
O512	7	1	3	S3
O513	6	10	1	H1136	1.38	6.94	870,1170,0.79
O513	6	10	2	L19
O513	6	10	3	S9
O514	3	9	1	H1639	2.58	3.13	690,990,0.25
O514	3	9	2	L12
O514	3	9	3	S4
O515	8	5	1	H1047	0.56	5.67	660,960,0.78
O515	8	5	2	L12
O515	8	5	3	S13
O516	9	8	1	H754	7.13	1.69	960,1260,0.65
O516	9	8	2	L15
O516	9	8	3	S19
O517	5	4	1	H215	5.61	6.52	900,1200,0.95
O517	5	4	2	L7
O517	5	4	3	S1
O518	2	4	1	H929	9.13	1.3	600,900,0.45
O518	2	4	2	L20
O518	2	4	3	S14
O519	2	3	1	H1264	8.82	5.63	840,1140,0.51
O519	2	3	2	L10
O519	2	3	3	S19
O520	3	2	1	H1328	2.15	3.77	960,1260,0.73
O520	3	2	2	L6
O520	3	2	3	S14
O521	9	8	1	H1317	6.83	0.37	540,840,0.92
O521	9	8	2	L14
O521	9	8	3	S11
O522	9	5	1	H1829	8.98	4.7	540,840,0.95
O522	9	5	2	L17
O522	9	5	3	S4
O523	6	9	1	H1069	8.91	2.56	690,990,0.69
O523	6	9	2	L9
O523	6	9	3	S18
O524	2	3	1	H594	3.82	5.34	960,1260,0.87
O524	2	3	2	L6
O524	2	3	3	S17
O525	4	7	1	H960	9.56	1.19	600,900,0.42
O525	4	7	2	L19
O525	4	7	3	S14
O526	4	5	1	H1208	3.95	0.95	840,1140,0.66
O526	4	5	2	L15
O526	4	5	3	S7
O527	10	2	1	H405	2.1	2.22	600,900,0.56
O527	10	2	2	L20
O527	10	2	3	S10
O528	7	8	1	H1990	8.63	2.05	660,960,0.92
O528	7	8	2	L19
O528	7	8	3	S20
O529	3	4	1	H1932	7.23	4.8	900,1200,0.87
O529	3	4	2	L6
O529	3	4	3	S10
O530	6	10	1	H406	9.39	7.21	690,990,0.35
O530	6	10	2	L14
O530	6	10	3	S13
O531	9	1	1	H241	8.57	7.99	840,1140,0.7
O531	9	1	2	L12
O531	9	1	3	S15
O532	6	6	1	H1941	3.28	2.16	660,960,0.57
O532	6	6	2	L4
O532	6	6	3	S15
O533	10	1	1	H1724	4.27	6.53	870,1170,0.29
O533	10	1	2	L20
O533	10	1	3	S5
O534	5	4	1	H310	5.29	3.32	600,900,0.26
O534	5	4	2	L8
O534	5	4	3	S10
O535	7	3	1	H1463	0.5	1.93	630,930,0.82
O535	7	3	2	L1
O535	7	3	3	S20
O536	2	9	1	H18	2.18	0.72	900,1200,0.66
O536	2	9	2	L7
O536	2	9	3	S6
O537	9	6	1	H431	6.0	0.44	840,1140,0.77
O537	9	6	2	L16
O537	9	6	3	S19
O538	5	4	1	H894	8.86	5.86	630,930,0.92
O538	5	4	2	L16
O538	5	4	3	S16
O539	7	3	1	H454	9.34	3.46	870,1170,0.78
O539	7	3	2	L6
O539	7	3	3	S4
O540	10	4	1	H381	6.07	6.51	630,930,0.49
O540	10	4	2	L19
O540	10	4	3	S1
O541	5	6	1	H1753	1.96	5.84	840,1140,0.78
O541	5	6	2	L13
O541	5	6	3	S15
O542	9	2	1	H1520	3.64	7.5	900,1200,0.46
O542	9	2	2	L16
O542	9	2	3	S10
O543	3	8	1	H1856	2.51	0.7	840,1140,0.56
O543	3	8	2	L15
O543	3	8	3	S5
O544	1	2	1	H257	8.64	3.4	870,1170,0.32
O544	1	2	2	L7
O544	1	2	3	S10
O545	5	9	1	H1695	7.96	4.02	690,990,0.9
O545	5	9	2	L9
O545	5	9	3	S15
O546	1	1	1	H1186	3.5	1.12	600,900,0.46
O546	1	1	2	L19
O546	1	1	3	S8
O547	1	4	1	H1998	4.69	0.17	570,870,0.87
O547	1	4	2	L7
O547	1	4	3	S12
O548	9	9	1	H644	4.5	5.47	690,990,0.96
O548	9	9	2	L10
O548	9	9	3	S19
O549	10	7	1	H81	5.67	1.54	540,840,0.39
O549	10	7	2	L1
O549	10	7	3	S3
O550	4	4	1	H885	1.37	3.44	600,900,0.74
O550	4	4	2	L4
O550	4	4	3	S4
O551	8	3	1	H1861	5.46	3.36	840,1140,0.84
O551	8	3	2	L14
O551	8	3	3	S6
O552	6	1	1	H1697	7.64	4.46	660,960,0.74
O552	6	1	2	L18
O552	6	1	3	S5
O553	8	10	1	H1600	1.77	2.81	960,1260,0.28
O553	8	10	2	L15
O553	8	10	3	S15
O554	6	9	1	H1106	9.66	4.84	690,990,1.0
O554	6	9	2	L6
O554	6	9	3	S17
O555	5	6	1	H745	3.77	7.49	690,990,0.33
O555	5	6	2	L3
O555	5	6	3	S9
O556	7	3	1	H534	7.59	2.7	570,870,0.37
O556	7	3	2	L20
O556	7	3	3	S19
O557	1	9	1	H240	7.54	5.94	960,1260,0.69
O557	1	9	2	L10
O557	1	9	3	S16
O558	4	10	1	H560	7.89	0.09	540,840,0.4
O558	4	10	2	L9
O558	4	10	3	S18
O559	1	1	1	H748	2.57	5.56	720,1020,0.54
O559	1	1	2	L20
O559	1	1	3	S17
O560	8	8	1	H1056	6.95	3.5	660,960,0.21
O560	8	8	2	L20
O560	8	8	3	S17
O561	4	4	1	H1634	8.86	0.17	660,960,0.4
O561	4	4	2	L10
O561	4	4	3	S17
O562	4	4	1	H722	3.84	6.18	630,930,0.58
O562	4	4	2	L15
O562	4	4	3	S18
O563	3	2	1	H1417	6.99	7.25	960,1260,0.26
O563	3	2	2	L10
O563	3	2	3	S6
O564	9	8	1	H1726	5.93	0.19	660,960,0.58
O564	9	8	2	L8
O564	9	8	3	S9
O565	6	3	1	H475	4.78	0.29	840,1140,0.56
O565	6	3	2	L8
O565	6	3	3	S6
O566	8	7	1	H1282	2.53	5.38	660,960,0.33
O566	8	7	2	L1
O566	8	7	3	S9
O567	5	7	1	H649	5.29	5.22	720,1020,0.92
O567	5	7	2	L19
O567	5	7	3	S18
O568	10	6	1	H1957	7.47	2.44	720,1020,0.66
O568	10	6	2	L2
O568	10	6	3	S8
O569	4	7	1	H210	9.42	2.51	690,990,0.35
O569	4	7	2	L16
O569	4	7	3	S6
O570	5	10	1	H1096	5.85	0.65	960,1260,0.66
O570	5	10	2	L17
O570	5	10	3	S20
O571	9	3	1	H1710	6.39	6.54	720,1020,0.84
O571	9	3	2	L2
O571	9	3	3	S2
O572	4	6	1	H1629	9.79	6.01	660,960,0.92
O572	4	6	2	L4
O572	4	6	3	S4
O573	8	8	1	H56	6.47	0.7	540,840,0.75
O573	8	8	2	L11
O573	8	8	3	S2
O574	1	2	1	H958	5.14	2.18	630,930,0.84
O574	1	2	2	L17
O574	1	2	3	S14
O575	5	3	1	H250	5.95	5.31	720,1020,0.8
O575	5	3	2	L8
O575	5	3	3	S12
O576	2	2	1	H1111	7.67	6.5	570,870,0.32
O576	2	2	2	L2
O576	2	2	3	S8
O577	4	2	1	H530	4.68	4.04	870,1170,0.44
O577	4	2	2	L13
O577	4	2	3	S2
O578	2	7	1	H1830	3.54	5.68	720,1020,0.53
O578	2	7	2	L20
O578	2	7	3	S9
O579	6	5	1	H1109	1.46	7.29	540,840,0.31
O579	6	5	2	L1
O579	6	5	3	S8
O580	4	9	1	H1122	7.56	2.54	540,840,0.85
O580	4	9	2	L5
O580	4	9	3	S11
O581	4	8	1	H1133	8.39	6.8	660,960,0.45
O581	4	8	2	L18
O581	4	8	3	S3
O582	2	9	1	H1053	9.41	5.01	900,1200,0.93
O582	2	9	2	L12
O582	2	9	3	S17
O583	6	3	1	H1975	3.46	7.82	690,990,0.86
O583	6	3	2	L11
O583	6	3	3	S10
O584	1	1	1	H247	1.19	1.38	870,1170,0.39
O584	1	1	2	L17
O584	1	1	3	S9
O585	2	8	1	H1546	7.02	7.68	600,900,0.89
O585	2	8	2	L5
O585	2	8	3	S5
O586	10	4	1	H76	4.42	3.97	570,870,1.0
O586	10	4	2	L12
O586	10	4	3	S7
O587	4	2	1	H664	4.3	6.26	540,840,0.52
O587	4	2	2	L7
O587	4	2	3	S9
O588	1	2	1	H1881	4.02	7.04	630,930,0.93
O588	1	2	2	L20
O588	1	2	3	S2
O589	10	4	1	H1372	2.84	1.06	540,840,0.93
O589	10	4	2	L10
O589	10	4	3	S3
O590	10	9	1	H1915	9.49	0.22	960,1260,0.73
O590	10	9	2	L2
O590	10	9	3	S1
O591	5	4	1	H343	3.72	2.19	840,1140,0.66
O591	5	4	2	L4
O591	5	4	3	S5
O592	8	3	1	H1234	4.83	5.0	570,870,0.88
O592	8	3	2	L16
O592	8	3	3	S12
O593	9	7	1	H1591	8.47	4.29	720,1020,0.63
O593	9	7	2	L20
O593	9	7	3	S11
O594	1	7	1	H1923	3.71	0.36	720,1020,0.76
O594	1	7	2	L13
O594	1	7	3	S2
O595	5	8	1	H1085	4.8	5.79	840,1140,0.45
O595	5	8	2	L1
O595	5	8	3	S15
O596	8	4	1	H1364	0.04	2.26	870,1170,0.85
O596	8	4	2	L10
O596	8	4	3	S12
O597	8	4	1	H312	0.37	2.88	630,930,0.46
O597	8	4	2	L13
O597	8	4	3	S8
O598	1	3	1	H1086	6.82	2.22	720,1020,0.58
O598	1	3	2	L8
O598	1	3	3	S3
O599	6	8	1	H1223	8.08	5.62	960,1260,0.3
O599	6	8	2	L6
O599	6	8	3	S8
O600	6	8	1	H1378	3.82	1.27	660,960,0.8
O600	6	8	2	L1
O600	6	8	3	S1
O601	8	1	1	H1278	7.54	6.64	960,1260,0.3
O601	8	1	2	L18
O601	8	1	3	S20
O602	2	1	1	H1709	9.94	3.32	570,870,0.87
O602	2	1	2	L2
O602	2	1	3	S11
O603	5	7	1	H1545	9.03	5.18	870,1170,0.7
O603	5	7	2	L12
O603	5	7	3	S8
O604	9	2	1	H1761	8.87	1.07	570,870,0.78
O604	9	2	2	L5
O604	9	2	3	S3
O605	7	6	1	H1436	3.69	2.29	900,1200,0.58
O605	7	6	2	L7
O605	7	6	3	S17
O606	2	2	1	H1796	7.09	7.92	540,840,0.83
O606	2	2	2	L13
O606	2	2	3	S2
O607	9	8	1	H1791	7.15	2.26	900,1200,0.84
O607	9	8	2	L13
O607	9	8	3	S5
O608	3	5	1	H1681	7.86	3.62	540,840,0.55
O608	3	5	2	L13
O608	3	5	3	S3
O609	4	7	1	H1188	6.42	5.14	720,1020,0.91
O609	4	7	2	L6
O609	4	7	3	S15
O610	8	2	1	H859	4.71	1.27	960,1260,0.44
O610	8	2	2	L2
O610	8	2	3	S10
O611	8	4	1	H131	2.58	0.45	690,990,0.8
O611	8	4	2	L11
O611	8	4	3	S12
O612	2	10	1	H1135	5.58	0.48	960,1260,1.0
O612	2	10	2	L16
O612	2	10	3	S5
O613	1	5	1	H226	5.48	2.05	960,1260,0.93
O613	1	5	2	L5
O613	1	5	3	S2
O614	3	9	1	H1811	1.85	2.41	540,840,0.85
O614	3	9	2	L20
O614	3	9	3	S9
O615	5	3	1	H782	8.76	6.77	840,1140,0.65
O615	5	3	2	L11
O615	5	3	3	S20
O616	6	4	1	H721	5.32	5.87	630,930,0.6
O616	6	4	2	L16
O616	6	4	3	S18
O617	5	6	1	H176	9.96	0.1	870,1170,0.75
O617	5	6	2	L4
O617	5	6	3	S6
O618	5	8	1	H608	1.34	5.06	570,870,0.27
O618	5	8	2	L18
O618	5	8	3	S15
O619	3	2	1	H303	4.98	6.78	690,990,0.62
O619	3	2	2	L20
O619	3	2	3	S1
O620	8	3	1	H578	1.71	0.68	840,1140,0.89
O620	8	3	2	L7
O620	8	3	3	S12
O621	6	2	1	H812	7.09	1.89	630,930,0.25
O621	6	2	2	L16
O621	6	2	3	S19
O622	8	5	1	H1427	8.61	6.56	570,870,0.99
O622	8	5	2	L9
O622	8	5	3	S18
O623	6	5	1	H1961	0.46	3.36	900,1200,0.63
O623	6	5	2	L7
O623	6	5	3	S14
O624	9	3	1	H1024	6.87	5.1	600,900,0.2
O624	9	3	2	L11
O624	9	3	3	S13
O625	9	1	1	H396	8.97	3.36	570,870,0.37
O625	9	1	2	L7
O625	9	1	3	S7
O626	5	8	1	H1889	2.06	6.26	960,1260,0.46
O626	5	8	2	L16
O626	5	8	3	S2
O627	10	4	1	H1205	3.28	5.93	600,900,0.23
O627	10	4	2	L2
O627	10	4	3	S16
O628	6	3	1	H1130	5.31	1.62	870,1170,0.76
O628	6	3	2	L4
O628	6	3	3	S16
O629	6	8	1	H1915	9.49	0.22	960,1260,0.73
O629	6	8	2	L7
O629	6	8	3	S13
O630	1	2	1	H1154	5.8	6.65	570,870,0.44
O630	1	2	2	L9
O630	1	2	3	S11
O631	6	4	1	H602	8.56	2.22	570,870,0.73
O631	6	4	2	L9
O631	6	4	3	S12
O632	9	5	1	H134	3.52	5.85	720,1020,0.82
O632	9	5	2	L4
O632	9	5	3	S18
O633	8	2	1	H1379	4.6	6.87	720,1020,0.37
O633	8	2	2	L12
O633	8	2	3	S14
O634	5	2	1	H580	6.44	6.12	690,990,0.46
O634	5	2	2	L11
O634	5	2	3	S6
O635	8	6	1	H1886	8.14	1.4	960,1260,0.81
O635	8	6	2	L8
O635	8	6	3	S11
O636	3	2	1	H1604	1.05	7.67	630,930,0.56
O636	3	2	2	L17
O636	3	2	3	S18
O637	2	4	1	H432	2.1	0.81	690,990,0.72
O637	2	4	2	L14
O637	2	4	3	S15
O638	3	1	1	H1636	3.99	4.9	660,960,0.37
O638	3	1	2	L19
O638	3	1	3	S6
O639	8	7	1	H876	8.5	0.18	630,930,0.26
O639	8	7	2	L4
O639	8	7	3	S6
O640	5	1	1	H678	2.75	3.97	840,1140,0.68
O640	5	1	2	L4
O640	5	1	3	S13
O641	4	1	1	H1039	6.57	0.17	570,870,0.88
O641	4	1	2	L5
O641	4	1	3	S15
O642	3	4	1	H1060	2.09	3.43	720,1020,0.38
O642	3	4	2	L8
O642	3	4	3	S13
O643	5	2	1	H102	5.95	0.01	540,840,0.69
O643	5	2	2	L1
O643	5	2	3	S17
O644	8	2	1	H1705	5.26	3.96	720,1020,0.45
O644	8	2	2	L1
O644	8	2	3	S7
O645	4	5	1	H804	7.57	1.43	720,1020,0.63
O645	4	5	2	L17
O645	4	5	3	S20
O646	1	3	1	H1346	7.84	4.95	720,1020,0.56
O646	1	3	2	L16
O646	1	3	3	S4
O647	5	4	1	H131	2.58	0.45	690,990,0.8
O647	5	4	2	L4
O647	5	4	3	S7
O648	3	5	1	H965	3.36	0.97	690,990,0.2
O648	3	5	2	L10
O648	3	5	3	S3
O649	4	10	1	H2	3.05	1.88	840,1140,0.32
O649	4	10	2	L8
O649	4	10	3	S7
O650	4	9	1	H72	7.69	6.22	720,1020,0.75
O650	4	9	2	L10
O650	4	9	3	S18
O651	1	6	1	H1926	0.3	7.89	960,1260,0.93
O651	1	6	2	L20
O651	1	6	3	S4
O652	3	9	1	H269	3.31	2.42	630,930,0.2
O652	3	9	2	L9
O652	3	9	3	S14
O653	9	5	1	H1397	4.04	5.02	630,930,0.35
O653	9	5	2	L15
O653	9	5	3	S5
O654	6	6	1	H1196	5.36	7.86	840,1140,0.48
O654	6	6	2	L16
O654	6	6	3	S8
O655	9	6	1	H427	9.67	6.2	630,930,0.32
O655	9	6	2	L11
O655	9	6	3	S4
O656	7	5	1	H637	0.05	6.77	630,930,0.78
O656	7	5	2	L5
O656	7	5	3	S3
O657	6	2	1	H724	1.99	7.7	690,990,0.32
O657	6	2	2	L9
O657	6	2	3	S5
O658	7	10	1	H53	6.84	6.94	570,870,0.94
O658	7	10	2	L11
O658	7	10	3	S3
O659	6	5	1	H253	7.8	2.12	660,960,0.46
O659	6	5	2	L1
O659	6	5	3	S8
O660	2	1	1	H1048	1.43	0.82	660,960,0.82
O660	2	1	2	L14
O660	2	1	3	S1
O661	5	8	1	H192	8.31	6.1	600,900,0.82
O661	5	8	2	L19
O661	5	8	3	S7
O662	8	4	1	H939	2.29	5.6	660,960,0.75
O662	8	4	2	L3
O662	8	4	3	S8
O663	8	4	1	H53	6.84	6.94	570,870,0.94
O663	8	4	2	L16
O663	8	4	3	S5
O664	8	8	1	H247	1.19	1.38	870,1170,0.39
O664	8	8	2	L2
O664	8	8	3	S14
O665	7	4	1	H1177	7.32	6.09	570,870,0.26
O665	7	4	2	L18
O665	7	4	3	S8
O666	6	9	1	H304	1.81	5.59	660,960,0.38
O666	6	9	2	L9
O666	6	9	3	S4
O667	4	2	1	H448	1.31	6.46	870,1170,0.23
O667	4	2	2	L15
O667	4	2	3	S8
O668	8	2	1	H1470	9.67	5.24	900,1200,0.58
O668	8	2	2	L16
O668	8	2	3	S15
O669	9	5	1	H1421	7.2	6.32	720,1020,0.26
O669	9	5	2	L8
O669	9	5	3	S20
O670	8	8	1	H1165	5.44	7.67	600,900,0.33
O670	8	8	2	L7
O670	8	8	3	S7
O671	3	1	1	H276	0.01	3.11	600,900,0.68
O671	3	1	2	L4
O671	3	1	3	S18
O672	10	4	1	H585	1.09	4.37	690,990,0.54
O672	10	4	2	L9
O672	10	4	3	S14
O673	10	1	1	H1671	0.61	4.31	660,960,0.84
O673	10	1	2	L11
O673	10	1	3	S17
O674	7	5	1	H513	7.78	3.14	720,1020,0.23
O674	7	5	2	L18
O674	7	5	3	S15
O675	8	7	1	H895	3.21	6.69	690,990,0.38
O675	8	7	2	L16
O675	8	7	3	S5
O676	1	6	1	H1761	8.87	1.07	570,870,0.78
O676	1	6	2	L5
O676	1	6	3	S8
O677	5	7	1	H1332	1.48	5.54	720,1020,0.65
O677	5	7	2	L1
O677	5	7	3	S4
O678	7	2	1	H959	3.96	5.44	870,1170,0.89
O678	7	2	2	L4
O678	7	2	3	S19
O679	5	5	1	H68	0.69	1.14	540,840,0.35
O679	5	5	2	L3
O679	5	5	3	S2
O680	10	4	1	H258	0.94	0.72	630,930,0.62
O680	10	4	2	L18
O680	10	4	3	S1
O681	9	1	1	H1093	7.15	7.02	540,840,0.34
O681	9	1	2	L5
O681	9	1	3	S2
O682	2	5	1	H1532	8.99	2.09	690,990,0.56
O682	2	5	2	L18
O682	2	5	3	S15
O683	10	10	1	H1438	8.36	4.97	840,1140,0.74
O683	10	10	2	L6
O683	10	10	3	S4
O684	8	2	1	H618	6.53	4.61	660,960,0.98
O684	8	2	2	L11
O684	8	2	3	S20
O685	4	7	1	H1873	0.61	0.07	840,1140,0.76
O685	4	7	2	L5
O685	4	7	3	S19
O686	4	4	1	H1000	8.44	7.16	660,960,0.74
O686	4	4	2	L10
O686	4	4	3	S14
O687	2	10	1	H1068	3.44	0.6	720,1020,0.26
O687	2	10	2	L17
O687	2	10	3	S13
O688	1	9	1	H1907	2.55	2.31	960,1260,0.58
O688	1	9	2	L16
O688	1	9	3	S18
O689	6	4	1	H1212	0.67	7.51	870,1170,0.88
O689	6	4	2	L3
O689	6	4	3	S13
O690	10	8	1	H872	7.87	7.85	840,1140,0.71
O690	10	8	2	L5
O690	10	8	3	S12
O691	4	6	1	H1548	1.12	2.94	840,1140,0.62
O691	4	6	2	L9
O691	4	6	3	S19
O692	8	4	1	H1648	7.31	6.34	630,930,0.49
O692	8	4	2	L12
O692	8	4	3	S2
O693	10	2	1	H62	7.49	0.46	690,990,0.76
O693	10	2	2	L1
O693	10	2	3	S9
O694	9	10	1	H955	4.78	1.73	540,840,0.59
O694	9	10	2	L20
O694	9	10	3	S11
O695	9	9	1	H1846	0.49	6.18	870,1170,0.21
O695	9	9	2	L7
O695	9	9	3	S15
O696	4	3	1	H635	7.81	6.85	870,1170,0.86
O696	4	3	2	L10
O696	4	3	3	S17
O697	2	10	1	H1445	5.57	5.95	540,840,0.8
O697	2	10	2	L11
O697	2	10	3	S11
O698	10	1	1	H1819	2.72	5.88	690,990,0.93
O698	10	1	2	L16
O698	10	1	3	S16
O699	8	6	1	H589	5.51	3.24	690,990,0.21
O699	8	6	2	L1
O699	8	6	3	S11
O700	7	6	1	H146	1.77	5.85	690,990,0.71
O700	7	6	2	L7
O700	7	6	3	S4
O701	6	3	1	H979	2.59	4.54	840,1140,0.21
O701	6	3	2	L19
O701	6	3	3	S7
O702	2	3	1	H1356	8.02	6.93	600,900,0.5
O702	2	3	2	L10
O702	2	3	3	S11
O703	3	6	1	H1696	3.18	6.44	840,1140,0.76
O703	3	6	2	L5
O703	3	6	3	S2
O704	9	10	1	H1821	5.57	1.37	660,960,0.99
O704	9	10	2	L11
O704	9	10	3	S16
O705	6	8	1	H942	4.82	3.0	570,870,0.35
O705	6	8	2	L20
O705	6	8	3	S13
O706	5	6	1	H1279	5.24	6.88	630,930,0.3
O706	5	6	2	L8
O706	5	6	3	S8
O707	4	3	1	H1947	9.1	2.22	870,1170,0.84
O707	4	3	2	L5
O707	4	3	3	S9
O708	10	3	1	H381	6.07	6.51	630,930,0.49
O708	10	3	2	L6
O708	10	3	3	S4
O709	9	3	1	H816	6.33	2.41	720,1020,0.37
O709	9	3	2	L8
O709	9	3	3	S15
O710	6	1	1	H868	2.02	6.62	870,1170,0.6
O710	6	1	2	L3
O710	6	1	3	S1
O711	4	5	1	H1106	9.66	4.84	690,990,1.0
O711	4	5	2	L4
O711	4	5	3	S13
O712	8	3	1	H1694	1.97	2.78	600,900,0.4
O712	8	3	2	L8
O712	8	3	3	S9
O713	7	10	1	H961	0.84	6.81	690,990,0.71
O713	7	10	2	L19
O713	7	10	3	S10
O714	8	9	1	H134	3.52	5.85	720,1020,0.82
O714	8	9	2	L13
O714	8	9	3	S4
O715	5	8	1	H1103	4.2	2.45	960,1260,0.77
O715	5	8	2	L12
O715	5	8	3	S12
O716	3	6	1	H714	4.78	2.88	600,900,0.75
O716	3	6	2	L19
O716	3	6	3	S19
O717	7	3	1	H1903	9.91	2.53	540,840,0.47
O717	7	3	2	L1
O717	7	3	3	S7
O718	5	4	1	H1464	1.86	7.13	660,960,0.76
O718	5	4	2	L8
O718	5	4	3	S14
O719	9	7	1	H482	3.29	7.35	720,1020,0.34
O719	9	7	2	L6
O719	9	7	3	S4
O720	8	8	1	H1162	8.58	5.19	690,990,0.66
O720	8	8	2	L17
O720	8	8	3	S4
O721	10	1	1	H556	5.71	5.1	840,1140,0.29
O721	10	1	2	L17
O721	10	1	3	S7
O722	8	9	1	H1529	3.05	1.35	900,1200,0.27
O722	8	9	2	L5
O722	8	9	3	S13
O723	2	6	1	H1817	9.93	3.22	870,1170,0.62
O723	2	6	2	L19
O723	2	6	3	S6
O724	8	5	1	H589	5.51	3.24	690,990,0.21
O724	8	5	2	L20
O724	8	5	3	S3
O725	3	8	1	H1148	9.22	6.31	630,930,0.97
O725	3	8	2	L12
O725	3	8	3	S18
O726	2	6	1	H1921	0.31	4.08	870,1170,0.51
O726	2	6	2	L3
O726	2	6	3	S20
O727	6	1	1	H1637	5.85	1.57	660,960,0.4
O727	6	1	2	L16
O727	6	1	3	S6
O728	4	1	1	H1977	3.54	2.34	960,1260,0.85
O728	4	1	2	L6
O728	4	1	3	S5
O729	4	8	1	H1690	3.96	2.67	690,990,0.34
O729	4	8	2	L12
O729	4	8	3	S16
O730	6	9	1	H1936	7.55	7.56	690,990,0.99
O730	6	9	2	L17
O730	6	9	3	S9
O731	8	4	1	H352	0.96	5.33	570,870,0.66
O731	8	4	2	L10
O731	8	4	3	S1
O732	8	4	1	H860	2.77	6.74	900,1200,0.63
O732	8	4	2	L15
O732	8	4	3	S15
O733	5	5	1	H1576	7.71	7.83	840,1140,0.45
O733	5	5	2	L7
O733	5	5	3	S14
O734	7	4	1	H288	1.73	5.01	630,930,0.39
O734	7	4	2	L16
O734	7	4	3	S13
O735	2	2	1	H785	8.05	3.05	660,960,0.56
O735	2	2	2	L18
O735	2	2	3	S12
O736	1	7	1	H1081	2.93	0.07	690,990,0.85
O736	1	7	2	L12
O736	1	7	3	S4
O737	1	3	1	H289	8.87	7.57	840,1140,0.5
O737	1	3	2	L9
O737	1	3	3	S17
O738	4	4	1	H1990	8.63	2.05	660,960,0.92
O738	4	4	2	L3
O738	4	4	3	S15
O739	3	9	1	H604	4.48	4.94	720,1020,0.53
O739	3	9	2	L1
O739	3	9	3	S13
O740	1	2	1	H1024	6.87	5.1	600,900,0.2
O740	1	2	2	L11
O740	1	2	3	S14
O741	1	5	1	H1835	7.59	4.88	870,1170,0.74
O741	1	5	2	L6
O741	1	5	3	S13
O742	5	8	1	H1129	7.67	3.68	660,960,0.65
O742	5	8	2	L5
O742	5	8	3	S5
O743	6	3	1	H1536	7.47	1.73	660,960,0.54
O743	6	3	2	L11
O743	6	3	3	S3
O744	7	6	1	H1770	9.21	7.71	600,900,0.95
O744	7	6	2	L18
O744	7	6	3	S6
O745	10	3	1	H20	8.84	3.24	840,1140,0.73
O745	10	3	2	L2
O745	10	3	3	S13
O746	9	4	1	H713	5.13	3.4	600,900,0.56
O746	9	4	2	L1
O746	9	4	3	S14
O747	8	5	1	H1414	7.44	6.46	570,870,0.28
O747	8	5	2	L16
O747	8	5	3	S13
O748	6	8	1	H1493	3.84	3.54	660,960,0.91
O748	6	8	2	L18
O748	6	8	3	S13
O749	1	1	1	H1565	0.12	3.08	870,1170,0.33
O749	1	1	2	L9
O749	1	1	3	S5
O750	9	10	1	H1582	8.22	5.97	690,990,0.58
O750	9	10	2	L4
O750	9	10	3	S13
O751	9	9	1	H704	4.58	6.65	570,870,0.53
O751	9	9	2	L18
O751	9	9	3	S18
O752	5	1	1	H1517	7.2	4.9	600,900,0.62
O752	5	1	2	L12
O752	5	1	3	S7
O753	4	6	1	H1511	5.83	2.52	600,900,0.91
O753	4	6	2	L5
O753	4	6	3	S17
O754	9	10	1	H1573	2.83	5.85	570,870,0.48
O754	9	10	2	L18
O754	9	10	3	S10
O755	6	6	1	H1828	8.56	5.01	600,900,0.56
O755	6	6	2	L18
O755	6	6	3	S4
O756	10	5	1	H148	1.77	1.03	840,1140,0.57
O756	10	5	2	L13
O756	10	5	3	S14
O757	1	6	1	H485	9.69	5.52	870,1170,0.89
O757	1	6	2	L17
O757	1	6	3	S9
O758	7	1	1	H1651	3.87	6.05	870,1170,0.73
O758	7	1	2	L1
O758	7	1	3	S6
O759	6	9	1	H362	5.23	6.78	570,870,0.28
O759	6	9	2	L10
O759	6	9	3	S11
O760	8	9	1	H494	6.86	4.77	840,1140,0.41
O760	8	9	2	L11
O760	8	9	3	S4
O761	6	3	1	H1448	4.76	4.41	900,1200,0.65
O761	6	3	2	L4
O761	6	3	3	S4
O762	3	10	1	H275	2.89	4.84	660,960,0.89
O762	3	10	2	L3
O762	3	10	3	S5
O763	9	7	1	H757	7.78	1.43	690,990,0.43
O763	9	7	2	L9
O763	9	7	3	S5
O764	2	4	1	H1381	7.66	7.69	600,900,0.29
O764	2	4	2	L15
O764	2	4	3	S2
O765	5	3	1	H1660	1.7	5.62	540,840,0.89
O765	5	3	2	L4
O765	5	3	3	S15
O766	4	6	1	H1658	3.11	5.9	720,1020,0.82
O766	4	6	2	L8
O766	4	6	3	S19
O767	7	2	1	H1833	4.48	6.06	960,1260,0.66
O767	7	2	2	L6
O767	7	2	3	S16
O768	1	5	1	H1147	5.45	0.17	660,960,0.46
O768	1	5	2	L11
O768	1	5	3	S6
O769	5	7	1	H210	9.42	2.51	690,990,0.35
O769	5	7	2	L6
O769	5	7	3	S4
O770	1	5	1	H970	7.47	6.19	570,870,0.72
O770	1	5	2	L7
O770	1	5	3	S14
O771	8	2	1	H812	7.09	1.89	630,930,0.25
O771	8	2	2	L17
O771	8	2	3	S9
O772	2	3	1	H1228	7.24	6.44	540,840,0.61
O772	2	3	2	L20
O772	2	3	3	S11
O773	4	6	1	H422	1.47	4.0	900,1200,0.58
O773	4	6	2	L10
O773	4	6	3	S1
O774	7	5	1	H700	4.42	1.95	900,1200,0.67
O774	7	5	2	L4
O774	7	5	3	S12
O775	7	8	1	H878	8.72	3.23	600,900,0.21
O775	7	8	2	L8
O775	7	8	3	S12
O776	8	2	1	H1226	6.31	1.09	630,930,0.93
O776	8	2	2	L13
O776	8	2	3	S14
O777	9	7	1	H528	0.09	1.58	540,840,0.65
O777	9	7	2	L4
O777	9	7	3	S2
O778	10	6	1	H497	7.94	3.82	720,1020,0.97
O778	10	6	2	L9
O778	10	6	3	S17
O779	1	2	1	H887	1.32	4.14	690,990,0.52
O779	1	2	2	L20
O779	1	2	3	S18
O780	3	8	1	H1812	0.05	7.85	840,1140,0.98
O780	3	8	2	L8
O780	3	8	3	S18
O781	8	4	1	H1124	9.34	2.93	600,900,0.84
O781	8	4	2	L7
O781	8	4	3	S15
O782	10	5	1	H41	7.13	3.89	900,1200,0.51
O782	10	5	2	L14
O782	10	5	3	S20
O783	6	2	1	H861	3.39	2.29	660,960,0.67
O783	6	2	2	L10
O783	6	2	3	S13
O784	5	4	1	H1231	4.92	0.84	720,1020,0.46
O784	5	4	2	L3
O784	5	4	3	S8
O785	8	2	1	H763	6.77	1.96	840,1140,0.47
O785	8	2	2	L14
O785	8	2	3	S17
O786	5	2	1	H1780	2.79	4.79	870,1170,0.65
O786	5	2	2	L7
O786	5	2	3	S15
O787	4	10	1	H1702	8.35	2.31	630,930,0.46
O787	4	10	2	L14
O787	4	10	3	S20
O788	10	1	1	H584	5.54	6.1	630,930,0.59
O788	10	1	2	L11
O788	10	1	3	S12
O789	2	8	1	H1630	5.1	5.75	570,870,0.42
O789	2	8	2	L1
O789	2	8	3	S20
O790	10	3	1	H1789	3.43	4.0	570,870,0.35
O790	10	3	2	L10
O790	10	3	3	S11
O791	4	10	1	H1064	1.83	5.34	600,900,0.24
O791	4	10	2	L15
O791	4	10	3	S11
O792	4	1	1	H288	1.73	5.01	630,930,0.39
O792	4	1	2	L2
O792	4	1	3	S17
O793	4	4	1	H1309	9.51	4.84	960,1260,0.4
O793	4	4	2	L16
O793	4	4	3	S6
O794	10	9	1	H763	6.77	1.96	840,1140,0.47
O794	10	9	2	L13
O794	10	9	3	S1
O795	4	5	1	H946	1.51	5.83	570,870,0.85
O795	4	5	2	L5
O795	4	5	3	S19
O796	1	9	1	H961	0.84	6.81	690,990,0.71
O796	1	9	2	L4
O796	1	9	3	S12
O797	10	4	1	H1515	1.7	0.18	840,1140,0.38
O797	10	4	2	L9
O797	10	4	3	S17
O798	10	2	1	H1203	5.06	1.44	840,1140,0.49
O798	10	2	2	L19
O798	10	2	3	S5
O799	6	8	1	H208	9.24	1.34	660,960,0.35
O799	6	8	2	L7
O799	6	8	3	S12
O800	2	4	1	H648	6.52	6.32	960,1260,0.72
O800	2	4	2	L6
O800	2	4	3	S11
O801	8	10	1	H1579	9.73	0.78	630,930,0.86
O801	8	10	2	L2
O801	8	10	3	S1
O802	8	4	1	H142	0.54	4.98	840,1140,0.44
O802	8	4	2	L11
O802	8	4	3	S12
O803	7	5	1	H1971	4.45	5.26	720,1020,0.94
O803	7	5	2	L4
O803	7	5	3	S5
O804	1	4	1	H1199	7.3	6.85	540,840,0.27
O804	1	4	2	L9
O804	1	4	3	S16
O805	9	10	1	H1324	1.2	0.68	600,900,0.24
O805	9	10	2	L15
O805	9	10	3	S5
O806	5	9	1	H1717	6.11	3.56	840,1140,0.91
O806	5	9	2	L8
O806	5	9	3	S12
O807	1	10	1	H1722	8.56	3.29	570,870,0.72
O807	1	10	2	L18
O807	1	10	3	S15
O808	3	9	1	H1967	1.6	1.52	600,900,0.31
O808	3	9	2	L9
O808	3	9	3	S6
O809	6	9	1	H1187	4.26	0.53	960,1260,0.91
O809	6	9	2	L11
O809	6	9	3	S10
O810	5	3	1	H416	7.37	1.02	720,1020,0.51
O810	5	3	2	L11
O810	5	3	3	S4
O811	8	3	1	H163	6.21	1.63	570,870,0.85
O811	8	3	2	L20
O811	8	3	3	S5
O812	1	2	1	H1060	2.09	3.43	720,1020,0.38
O812	1	2	2	L14
O812	1	2	3	S5
O813	3	3	1	H137	9.99	7.16	540,840,0.67
O813	3	3	2	L8
O813	3	3	3	S16
O814	4	3	1	H1904	9.44	6.97	960,1260,0.26
O814	4	3	2	L9
O814	4	3	3	S19
O815	4	6	1	H1211	5.85	7.1	870,1170,0.93
O815	4	6	2	L13
O815	4	6	3	S9
O816	9	3	1	H442	2.12	4.69	690,990,0.78
O816	9	3	2	L11
O816	9	3	3	S10
O817	6	3	1	H1977	3.54	2.34	960,1260,0.85
O817	6	3	2	L17
O817	6	3	3	S20
O818	2	1	1	H172	9.78	1.58	540,840,0.35
O818	2	1	2	L15
O818	2	1	3	S14
O819	4	6	1	H1168	3.85	0.06	840,1140,0.28
O819	4	6	2	L8
O819	4	6	3	S1
O820	9	7	1	H94	5.0	4.83	960,1260,0.44
O820	9	7	2	L15
O820	9	7	3	S16
O821	10	6	1	H1835	7.59	4.88	870,1170,0.74
O821	10	6	2	L15
O821	10	6	3	S9
O822	4	10	1	H1695	7.96	4.02	690,990,0.9
O822	4	10	2	L16
O822	4	10	3	S19
O823	9	6	1	H1246	8.47	1.27	840,1140,0.96
O823	9	6	2	L12
O823	9	6	3	S12
O824	10	5	1	H115	5.05	2.43	630,930,0.44
O824	10	5	2	L4
O824	10	5	3	S19
O825	9	8	1	H618	6.53	4.61	660,960,0.98
O825	9	8	2	L12
O825	9	8	3	S14
O826	3	4	1	H399	2.56	2.75	870,1170,0.92
O826	3	4	2	L3
O826	3	4	3	S8
O827	6	2	1	H78	5.28	1.32	900,1200,0.65
O827	6	2	2	L3
O827	6	2	3	S10
O828	7	7	1	H1865	6.36	3.7	690,990,0.35
O828	7	7	2	L4
O828	7	7	3	S5
O829	7	3	1	H1703	6.39	6.83	720,1020,0.42
O829	7	3	2	L9
O829	7	3	3	S16
O830	4	2	1	H1940	9.0	0.35	840,1140,0.9
O830	4	2	2	L11
O830	4	2	3	S15
O831	9	5	1	H850	2.46	2.6	600,900,0.63
O831	9	5	2	L9
O831	9	5	3	S20
O832	10	3	1	H1958	2.21	2.95	540,840,0.47
O832	10	3	2	L4
O832	10	3	3	S7
O833	4	8	1	H1433	9.07	6.46	870,1170,0.25
O833	4	8	2	L11
O833	4	8	3	S12
O834	2	8	1	H676	6.3	2.55	630,930,0.5
O834	2	8	2	L5
O834	2	8	3	S1
O835	4	2	1	H1083	5.72	2.35	960,1260,0.58
O835	4	2	2	L17
O835	4	2	3	S16
O836	3	6	1	H1091	2.49	7.21	540,840,0.77
O836	3	6	2	L19
O836	3	6	3	S16
O837	6	9	1	H160	0.5	3.75	720,1020,0.38
O837	6	9	2	L11
O837	6	9	3	S13
O838	4	10	1	H872	7.87	7.85	840,1140,0.71
O838	4	10	2	L1
O838	4	10	3	S5
O839	1	10	1	H962	1.39	3.16	630,930,0.79
O839	1	10	2	L17
O839	1	10	3	S18
O840	6	7	1	H533	3.86	2.63	900,1200,0.73
O840	6	7	2	L10
O840	6	7	3	S5
O841	10	9	1	H1413	1.78	7.23	540,840,0.3
O841	10	9	2	L17
O841	10	9	3	S9
O842	2	6	1	H1791	7.15	2.26	900,1200,0.84
O842	2	6	2	L16
O842	2	6	3	S20
O843	10	10	1	H1972	2.0	4.26	720,1020,0.36
O843	10	10	2	L18
O843	10	10	3	S5
O844	6	6	1	H312	0.37	2.88	630,930,0.46
O844	6	6	2	L16
O844	6	6	3	S19
O845	6	5	1	H1828	8.56	5.01	600,900,0.56
O845	6	5	2	L12
O845	6	5	3	S14
O846	4	1	1	H1353	4.98	7.63	570,870,0.32
O846	4	1	2	L16
O846	4	1	3	S8
O847	2	2	1	H1460	5.57	0.8	570,870,0.91
O847	2	2	2	L3
O847	2	2	3	S13
O848	6	9	1	H1159	6.68	6.01	720,1020,0.73
O848	6	9	2	L7
O848	6	9	3	S14
O849	6	4	1	H260	9.78	7.39	690,990,0.52
O849	6	4	2	L13
O849	6	4	3	S4
O850	5	4	1	H496	6.93	0.1	630,930,0.47
O850	5	4	2	L18
O850	5	4	3	S17
O851	6	8	1	H1682	4.17	2.68	660,960,0.55
O851	6	8	2	L8
O851	6	8	3	S13
O852	8	9	1	H258	0.94	0.72	630,930,0.62
O852	8	9	2	L13
O852	8	9	3	S17
O853	10	2	1	H582	0.82	5.16	660,960,0.85
O853	10	2	2	L4
O853	10	2	3	S14
O854	3	5	1	H1335	2.23	6.87	600,900,0.67
O854	3	5	2	L15
O854	3	5	3	S1
O855	3	5	1	H1222	4.02	0.59	720,1020,0.51
O855	3	5	2	L18
O855	3	5	3	S18
O856	1	9	1	H112	4.23	7.12	960,1260,0.65
O856	1	9	2	L2
O856	1	9	3	S1
O857	3	8	1	H1494	7.08	1.24	570,870,0.81
O857	3	8	2	L19
O857	3	8	3	S15
O858	10	8	1	H1634	8.86	0.17	660,960,0.4
O858	10	8	2	L2
O858	10	8	3	S1
O859	1	8	1	H314	1.66	1.73	660,960,0.7
O859	1	8	2	L16
O859	1	8	3	S13
O860	5	1	1	H994	4.11	4.72	900,1200,0.91
O860	5	1	2	L4
O860	5	1	3	S3
O861	2	6	1	H97	5.93	5.57	840,1140,0.57
O861	2	6	2	L17
O861	2	6	3	S1
O862	6	6	1	H177	0.38	6.07	660,960,0.71
O862	6	6	2	L7
O862	6	6	3	S1
O863	8	9	1	H732	1.68	6.49	900,1200,0.6
O863	8	9	2	L17
O863	8	9	3	S19
O864	10	6	1	H1121	3.61	7.82	720,1020,0.48
O864	10	6	2	L15
O864	10	6	3	S15
O865	7	10	1	H196	8.17	3.89	570,870,0.62
O865	7	10	2	L13
O865	7	10	3	S20
O866	9	8	1	H886	4.43	2.86	540,840,0.25
O866	9	8	2	L10
O866	9	8	3	S7
O867	3	4	1	H675	0.88	6.08	960,1260,0.46
O867	3	4	2	L14
O867	3	4	3	S12
O868	7	1	1	H1976	1.3	7.07	690,990,0.78
O868	7	1	2	L5
O868	7	1	3	S8
O869	6	4	1	H1878	8.87	0.77	630,930,0.44
O869	6	4	2	L13
O869	6	4	3	S14
O870	9	9	1	H1448	4.76	4.41	900,1200,0.65
O870	9	9	2	L1
O870	9	9	3	S6
O871	3	4	1	H240	7.54	5.94	960,1260,0.69
O871	3	4	2	L7
O871	3	4	3	S10
O872	2	2	1	H1095	5.51	6.48	840,1140,0.68
O872	2	2	2	L13
O872	2	2	3	S12
O873	1	4	1	H808	8.5	6.79	690,990,0.39
O873	1	4	2	L17
O873	1	4	3	S14
O874	3	6	1	H71	9.39	1.23	540,840,0.36
O874	3	6	2	L2
O874	3	6	3	S13
O875	1	10	1	H1264	8.82	5.63	840,1140,0.51
O875	1	10	2	L20
O875	1	10	3	S15
O876	9	1	1	H258	0.94	0.72	630,930,0.62
O876	9	1	2	L11
O876	9	1	3	S4
O877	5	8	1	H591	2.43	3.26	660,960,0.55
O877	5	8	2	L11
O877	5	8	3	S10
O878	10	10	1	H1835	7.59	4.88	870,1170,0.74
O878	10	10	2	L9
O878	10	10	3	S1
O879	5	6	1	H1570	9.01	2.63	840,1140,0.64
O879	5	6	2	L6
O879	5	6	3	S4
O880	8	2	1	H1928	2.86	2.58	900,1200,0.78
O880	8	2	2	L4
O880	8	2	3	S20
O881	7	10	1	H919	7.87	4.7	570,870,0.63
O881	7	10	2	L2
O881	7	10	3	S8
O882	1	8	1	H1563	4.85	6.58	690,990,0.45
O882	1	8	2	L18
O882	1	8	3	S10
O883	2	5	1	H995	7.4	7.21	600,900,0.66
O883	2	5	2	L1
O883	2	5	3	S16
O884	5	9	1	H1540	3.84	1.46	690,990,0.65
O884	5	9	2	L17
O884	5	9	3	S20
O885	3	5	1	H1886	8.14	1.4	960,1260,0.81
O885	3	5	2	L16
O885	3	5	3	S14
O886	3	10	1	H137	9.99	7.16	540,840,0.67
O886	3	10	2	L10
O886	3	10	3	S6
O887	1	7	1	H1559	3.69	3.92	960,1260,0.53
O887	1	7	2	L5
O887	1	7	3	S15
O888	10	2	1	H1000	8.44	7.16	660,960,0.74
O888	10	2	2	L1
O888	10	2	3	S15
O889	1	9	1	H1391	9.89	3.7	630,930,0.73
O889	1	9	2	L19
O889	1	9	3	S20
O890	4	6	1	H577	7.56	5.72	900,1200,0.41
O890	4	6	2	L18
O890	4	6	3	S9
O891	6	4	1	H505	9.95	3.5	720,1020,0.36
O891	6	4	2	L17
O891	6	4	3	S3
O892	2	1	1	H1226	6.31	1.09	630,930,0.93
O892	2	1	2	L5
O892	2	1	3	S14
O893	10	7	1	H1748	8.74	7.97	690,990,0.28
O893	10	7	2	L18
O893	10	7	3	S12
O894	2	2	1	H1460	5.57	0.8	570,870,0.91
O894	2	2	2	L18
O894	2	2	3	S14
O895	10	4	1	H1363	9.81	2.27	600,900,0.57
O895	10	4	2	L13
O895	10	4	3	S19
O896	9	8	1	H138	9.52	1.75	840,1140,0.33
O896	9	8	2	L12
O896	9	8	3	S12
O897	6	4	1	H1797	6.39	1.37	900,1200,0.99
O897	6	4	2	L7
O897	6	4	3	S4
O898	9	8	1	H1270	2.83	2.11	540,840,0.85
O898	9	8	2	L9
O898	9	8	3	S1
O899	6	8	1	H1107	9.22	7.82	570,870,0.22
O899	6	8	2	L7
O899	6	8	3	S10
O900	7	4	1	H532	7.69	3.83	960,1260,1.0
O900	7	4	2	L8
O900	7	4	3	S7
O901	8	1	1	H115	5.05	2.43	630,930,0.44
O901	8	1	2	L11
O901	8	1	3	S11
O902	8	10	1	H352	0.96	5.33	570,870,0.66
O902	8	10	2	L18
O902	8	10	3	S9
O903	1	1	1	H165	8.47	5.76	870,1170,0.96
O903	1	1	2	L2
O903	1	1	3	S1
O904	8	1	1	H589	5.51	3.24	690,990,0.21
O904	8	1	2	L18
O904	8	1	3	S18
O905	3	10	1	H274	3.98	4.71	720,1020,0.84
O905	3	10	2	L9
O905	3	10	3	S13
O906	7	10	1	H245	3.09	1.19	900,1200,0.52
O906	7	10	2	L4
O906	7	10	3	S5
O907	2	4	1	H1603	7.39	0.64	900,1200,0.87
O907	2	4	2	L2
O907	2	4	3	S5
O908	7	2	1	H1944	6.42	7.65	960,1260,0.75
O908	7	2	2	L4
O908	7	2	3	S16
O909	6	10	1	H1297	6.18	2.24	630,930,0.78
O909	6	10	2	L5
O909	6	10	3	S14
O910	10	9	1	H823	1.48	3.58	570,870,0.41
O910	10	9	2	L6
O910	10	9	3	S5
O911	4	10	1	H1822	6.14	3.69	690,990,0.37
O911	4	10	2	L13
O911	4	10	3	S2
O912	8	2	1	H1937	3.69	1.76	540,840,0.67
O912	8	2	2	L16
O912	8	2	3	S2
O913	6	1	1	H235	6.86	7.52	690,990,0.35
O913	6	1	2	L17
O913	6	1	3	S9
O914	2	6	1	H1734	3.86	4.12	720,1020,0.88
O914	2	6	2	L20
O914	2	6	3	S19
O915	6	1	1	H1179	0.81	1.08	690,990,0.93
O915	6	1	2	L3
O915	6	1	3	S20
O916	1	2	1	H550	5.27	7.77	960,1260,0.34
O916	1	2	2	L16
O916	1	2	3	S4
O917	4	10	1	H1902	0.09	3.32	960,1260,0.81
O917	4	10	2	L16
O917	4	10	3	S4
O918	7	3	1	H271	4.93	7.21	840,1140,0.36
O918	7	3	2	L7
O918	7	3	3	S13
O919	4	8	1	H451	7.57	6.95	900,1200,0.45
O919	4	8	2	L20
O919	4	8	3	S19
O920	3	9	1	H1148	9.22	6.31	630,930,0.97
O920	3	9	2	L1
O920	3	9	3	S12
O921	1	4	1	H606	7.71	0.68	960,1260,0.99
O921	1	4	2	L16
O921	1	4	3	S18
O922	5	5	1	H605	3.97	7.15	570,870,0.47
O922	5	5	2	L9
O922	5	5	3	S11
O923	10	1	1	H1113	0.96	7.41	570,870,0.36
O923	10	1	2	L18
O923	10	1	3	S20
O924	3	7	1	H51	0.21	1.56	900,1200,0.37
O924	3	7	2	L2
O924	3	7	3	S17
O925	9	5	1	H728	3.98	2.48	690,990,0.41
O925	9	5	2	L8
O925	9	5	3	S1
O926	4	9	1	H605	3.97	7.15	570,870,0.47
O926	4	9	2	L9
O926	4	9	3	S10
O927	6	6	1	H1396	6.63	5.46	540,840,0.83
O927	6	6	2	L19
O927	6	6	3	S10
O928	4	3	1	H1934	0.96	1.15	600,900,0.62
O928	4	3	2	L4
O928	4	3	3	S15
O929	4	8	1	H308	9.49	6.65	870,1170,0.25
O929	4	8	2	L8
O929	4	8	3	S9
O930	10	10	1	H232	1.42	5.4	630,930,0.63
O930	10	10	2	L18
O930	10	10	3	S2
O931	4	3	1	H265	4.37	4.42	660,960,0.82
O931	4	3	2	L12
O931	4	3	3	S2
O932	2	2	1	H1681	7.86	3.62	540,840,0.55
O932	2	2	2	L10
O932	2	2	3	S14
O933	3	4	1	H1479	2.0	3.65	840,1140,0.99
O933	3	4	2	L15
O933	3	4	3	S5
O934	4	3	1	H668	3.45	6.87	690,990,0.68
O934	4	3	2	L18
O934	4	3	3	S16
O935	6	9	1	H1021	3.89	3.06	540,840,0.85
O935	6	9	2	L20
O935	6	9	3	S18
O936	10	2	1	H1758	2.24	5.82	570,870,0.62
O936	10	2	2	L9
O936	10	2	3	S4
O937	4	7	1	H1589	7.51	5.21	540,840,0.93
O937	4	7	2	L2
O937	4	7	3	S12
O938	7	9	1	H1320	4.9	6.03	720,1020,0.22
O938	7	9	2	L13
O938	7	9	3	S8
O939	8	1	1	H1395	9.59	0.19	900,1200,0.62
O939	8	1	2	L4
O939	8	1	3	S7
O940	5	7	1	H646	0.29	3.74	720,1020,0.25
O940	5	7	2	L3
O940	5	7	3	S4
O941	9	1	1	H1828	8.56	5.01	600,900,0.56
O941	9	1	2	L16
O941	9	1	3	S5
O942	7	3	1	H1909	3.39	3.01	540,840,0.9
O942	7	3	2	L10
O942	7	3	3	S14
O943	9	10	1	H14	0.02	3.95	600,900,0.98
O943	9	10	2	L17
O943	9	10	3	S9
O944	6	9	1	H1742	4.64	4.95	570,870,0.8
O944	6	9	2	L13
O944	6	9	3	S5
O945	4	6	1	H922	8.59	5.98	840,1140,0.44
O945	4	6	2	L10
O945	4	6	3	S1
O946	6	7	1	H1618	9.67	4.47	630,930,0.86
O946	6	7	2	L12
O946	6	7	3	S2
O947	8	5	1	H709	9.64	7.28	900,1200,0.94
O947	8	5	2	L9
O947	8	5	3	S4
O948	1	7	1	H1429	5.38	2.74	660,960,0.25
O948	1	7	2	L2
O948	1	7	3	S3
O949	1	5	1	H1057	2.55	7.66	960,1260,0.35
O949	1	5	2	L6
O949	1	5	3	S9
O950	4	6	1	H325	2.88	5.53	540,840,0.87
O950	4	6	2	L13
O950	4	6	3	S3
O951	10	8	1	H1214	9.26	5.45	960,1260,0.98
O951	10	8	2	L4
O951	10	8	3	S5
O952	9	9	1	H614	5.8	3.11	690,990,0.96
O952	9	9	2	L6
O952	9	9	3	S13
O953	6	2	1	H1419	3.8	4.64	840,1140,0.76
O953	6	2	2	L5
O953	6	2	3	S16
O954	7	3	1	H1461	0.02	3.84	570,870,0.82
O954	7	3	2	L5
O954	7	3	3	S10
O955	9	7	1	H498	9.35	5.52	570,870,0.84
O955	9	7	2	L7
O955	9	7	3	S6
O956	9	6	1	H1102	4.29	5.88	690,990,0.31
O956	9	6	2	L20
O956	9	6	3	S3
O957	7	9	1	H1878	8.87	0.77	630,930,0.44
O957	7	9	2	L17
O957	7	9	3	S17
O958	9	10	1	H1752	2.76	3.43	660,960,0.21
O958	9	10	2	L9
O958	9	10	3	S1
O959	1	10	1	H1418	4.69	1.68	540,840,0.37
O959	1	10	2	L11
O959	1	10	3	S8
O960	10	6	1	H241	8.57	7.99	840,1140,0.7
O960	10	6	2	L5
O960	10	6	3	S6
O961	3	2	1	H1014	2.28	5.38	660,960,0.64
O961	3	2	2	L1
O961	3	2	3	S3
O962	5	8	1	H1560	1.49	1.6	900,1200,0.36
O962	5	8	2	L3
O962	5	8	3	S4
O963	2	6	1	H568	2.63	7.57	630,930,0.97
O963	2	6	2	L12
O963	2	6	3	S10
O964	2	7	1	H248	2.19	6.98	840,1140,0.52
O964	2	7	2	L10
O964	2	7	3	S8
O965	4	5	1	H1625	3.16	0.2	870,1170,0.6
O965	4	5	2	L9
O965	4	5	3	S17
O966	9	2	1	H795	4.71	2.65	690,990,0.55
O966	9	2	2	L15
O966	9	2	3	S8
O967	7	4	1	H448	1.31	6.46	870,1170,0.23
O967	7	4	2	L6
O967	7	4	3	S8
O968	9	8	1	H636	4.81	5.9	630,930,0.5
O968	9	8	2	L2
O968	9	8	3	S4
O969	6	3	1	H98	0.46	0.85	870,1170,0.52
O969	6	3	2	L1
O969	6	3	3	S17
O970	4	9	1	H558	3.07	7.95	600,900,0.25
O970	4	9	2	L5
O970	4	9	3	S15
O971	5	3	1	H1585	7.24	5.59	840,1140,0.61
O971	5	3	2	L2
O971	5	3	3	S10
O972	2	4	1	H1999	9.23	3.38	540,840,0.65
O972	2	4	2	L12
O972	2	4	3	S6
O973	9	1	1	H179	8.61	6.18	570,870,0.3
O973	9	1	2	L3
O973	9	1	3	S2
O974	7	3	1	H127	9.42	1.83	630,930,0.81
O974	7	3	2	L11
O974	7	3	3	S11
O975	6	5	1	H1268	3.52	2.86	960,1260,0.76
O975	6	5	2	L2
O975	6	5	3	S16
O976	4	10	1	H639	2.26	5.98	570,870,0.88
O976	4	10	2	L3
O976	4	10	3	S10
O977	6	9	1	H743	2.69	0.67	660,960,0.37
O977	6	9	2	L20
O977	6	9	3	S17
O978	3	3	1	H1763	5.28	2.6	630,930,0.84
O978	3	3	2	L10
O978	3	3	3	S8
O979	1	7	1	H1832	3.39	0.15	600,900,0.62
O979	1	7	2	L14
O979	1	7	3	S12
O980	3	4	1	H639	2.26	5.98	570,870,0.88
O980	3	4	2	L1
O980	3	4	3	S16
O981	5	7	1	H5	0.39	7.25	570,870,0.93
O981	5	7	2	L8
O981	5	7	3	S19
O982	5	8	1	H508	9.57	3.93	660,960,0.33
O982	5	8	2	L8
O982	5	8	3	S6
O983	3	9	1	H1466	4.97	6.54	720,1020,0.8
O983	3	9	2	L12
O983	3	9	3	S12
O984	6	1	1	H445	7.3	7.35	900,1200,0.51
O984	6	1	2	L11
O984	6	1	3	S14
O985	5	5	1	H1381	7.66	7.69	600,900,0.29
O985	5	5	2	L12
O985	5	5	3	S16
O986	5	1	1	H1586	9.9	2.42	540,840,0.67
O986	5	1	2	L2
O986	5	1	3	S6
O987	8	2	1	H1108	4.77	0.8	570,870,0.74
O987	8	2	2	L15
O987	8	2	3	S6
O988	1	9	1	H318	5.74	6.38	660,960,0.28
O988	1	9	2	L11
O988	1	9	3	S13
O989	4	1	1	H618	6.53	4.61	660,960,0.98
O989	4	1	2	L5
O989	4	1	3	S8
O990	1	9	1	H390	4.67	6.01	900,1200,0.76
O990	1	9	2	L19
O990	1	9	3	S14
O991	3	1	1	H1657	1.06	1.77	660,960,0.92
O991	3	1	2	L12
O991	3	1	3	S6
O992	4	1	1	H1947	9.1	2.22	870,1170,0.84
O992	4	1	2	L11
O992	4	1	3	S1
O993	6	6	1	H1746	8.04	4.89	900,1200,0.82
O993	6	6	2	L17
O993	6	6	3	S13
O994	2	5	1	H1301	4.27	4.02	900,1200,0.59
O994	2	5	2	L16
O994	2	5	3	S3
O995	10	5	1	H1933	6.6	6.72	900,1200,0.35
O995	10	5	2	L17
O995	10	5	3	S7
O996	6	9	1	H573	8.66	1.48	690,990,0.99
O996	6	9	2	L18
O996	6	9	3	S5
O997	10	9	1	H114	2.06	0.02	540,840,0.68
O997	10	9	2	L5
O997	10	9	3	S14
O998	3	2	1	H823	1.48	3.58	570,870,0.41
O998	3	2	2	L5
O998	3	2	3	S1
O999	3	3	1	H909	1.6	7.37	600,900,0.37
O999	3	3	2	L2
O999	3	3	3	S7
O1000	6	5	1	H1619	6.62	3.34	870,1170,0.47
O1000	6	5	2	L19
O1000	6	5	3	S4
