NUM_VEHICLES	TRUCK_COST	TRUCK_SPEED	KM_COST	X_DEPOT	Y_DEPOT	TW_E	TW_L
10	70	20	1	2.5	2.0	600	1260

LOCKER_ID	X	Y	AV_CAPAC.
L1	0.08	3.48	8
L2	2.82	0.45	12
L3	0.93	0.91	11
L4	0.47	2.33	5
L5	1.51	2.16	20
L6	1.82	3.83	10
L7	2.61	3.61	16
L8	3.82	3.54	7
L9	2.5	0.68	6
L10	2.93	3.88	10
L11	3.25	0.88	7
L12	2.0	1.3	11

SHOP_ID	X	Y	TW_E1	TW_L1	TW_E2	TW_L2	AV_CAPAC.
S1	0.31	2.76	536	836	845	1145	47
S2	0.63	2.24	526	826	847	1147	11
S3	3.09	3.47	512	812	855	1155	15
S4	1.59	1.19	511	811	860	1160	39
S5	3.96	3.12	536	836	861	1161	24
S6	0.7	3.48	522	822	842	1142	43
S7	4.07	2.16	514	814	848	1148	44
S8	4.71	0.49	511	811	843	1143	26
S9	0.97	3.0	528	828	847	1147	47
S10	2.89	0.16	535	835	869	1169	14
S11	2.77	0.02	512	812	850	1150	44
S12	0.35	2.13	533	833	864	1164	29
S13	3.25	0.52	532	832	867	1167	31
S14	1.12	1.92	527	827	852	1152	25
S15	0.35	3.78	522	822	859	1159	49
S16	4.32	1.52	517	817	862	1162	44
S17	3.72	2.64	527	827	851	1151	17
S18	3.18	0.84	522	822	852	1152	25
S19	0.38	3.35	512	812	851	1151	27
S20	3.3	0.63	515	815	855	1155	18

ORDER_ID	WEIGHT	VOLUME	PRIORITY	DP_ID	X	Y	TW_PROBABILITIES
O1	3	2	1	H1839	3.13	2.13	600,900,0.67
O1	3	2	2	L10
O1	3	2	3	S8
O2	8	6	1	H995	1.97	2.9	780,1080,0.61
O2	8	6	2	L8
O2	8	6	3	S19
O3	8	9	1	H777	2.36	0.21	660,960,0.29
O3	8	9	2	L11
O3	8	9	3	S20
O4	9	3	1	H424	4.71	0.87	780,1080,0.69
O4	9	3	2	L6
O4	9	3	3	S16
O5	3	4	1	H1758	4.28	0.81	720,1020,0.92
O5	3	4	2	L9
O5	3	4	3	S2
O6	6	1	1	H1990	4.82	3.02	660,960,0.29
O6	6	1	2	L8
O6	6	1	3	S10
O7	3	5	1	H1451	4.54	2.11	600,900,0.24
O7	3	5	2	L4
O7	3	5	3	S4
O8	5	4	1	H739	0.35	0.62	720,1020,0.89
O8	5	4	2	L5
O8	5	4	3	S6
O9	9	3	1	H1418	4.32	0.2	720,1020,0.92
O9	9	3	2	L5
O9	9	3	3	S19
O10	2	10	1	H1531	3.5	3.42	600,900,0.33
O10	2	10	2	L10
O10	2	10	3	S11
O11	4	9	1	H1944	3.73	0.41	690,990,0.42
O11	4	9	2	L5
O11	4	9	3	S11
O12	1	7	1	H1823	1.19	1.61	660,960,0.7
O12	1	7	2	L5
O12	1	7	3	S20
O13	9	6	1	H1320	1.83	2.16	600,900,0.29
O13	9	6	2	L5
O13	9	6	3	S2
O14	2	2	1	H954	0.28	1.38	630,930,0.45
O14	2	2	2	L1
O14	2	2	3	S7
O15	4	10	1	H457	1.22	2.04	690,990,0.95
O15	4	10	2	L10
O15	4	10	3	S5
O16	1	7	1	H1153	0.95	0.75	630,930,0.28
O16	1	7	2	L1
O16	1	7	3	S15
O17	1	7	1	H1626	4.78	2.87	660,960,0.86
O17	1	7	2	L6
O17	1	7	3	S20
O18	7	8	1	H1149	2.55	2.51	630,930,0.29
O18	7	8	2	L4
O18	7	8	3	S9
O19	8	6	1	H1831	3.25	1.18	780,1080,0.36
O19	8	6	2	L7
O19	8	6	3	S2
O20	6	9	1	H625	0.93	1.37	690,990,0.49
O20	6	9	2	L12
O20	6	9	3	S15
O21	3	7	1	H1868	3.61	1.68	660,960,0.36
O21	3	7	2	L12
O21	3	7	3	S10
O22	7	6	1	H227	3.36	1.25	780,1080,0.97
O22	7	6	2	L9
O22	7	6	3	S7
O23	3	8	1	H935	1.75	2.27	690,990,0.96
O23	3	8	2	L8
O23	3	8	3	S5
O24	10	5	1	H790	3.21	3.87	690,990,0.33
O24	10	5	2	L6
O24	10	5	3	S10
O25	9	6	1	H676	3.9	0.22	690,990,0.95
O25	9	6	2	L10
O25	9	6	3	S2
O26	10	9	1	H1611	0.46	3.37	600,900,0.81
O26	10	9	2	L11
O26	10	9	3	S16
O27	7	10	1	H573	2.83	2.11	600,900,0.78
O27	7	10	2	L10
O27	7	10	3	S7
O28	1	4	1	H344	4.97	2.33	690,990,0.46
O28	1	4	2	L6
O28	1	4	3	S14
O29	1	1	1	H1372	0.41	1.03	780,1080,0.61
O29	1	1	2	L2
O29	1	1	3	S20
O30	4	1	1	H975	4.27	1.89	630,930,0.36
O30	4	1	2	L3
O30	4	1	3	S3
O31	6	7	1	H340	1.77	0.47	630,930,0.93
O31	6	7	2	L5
O31	6	7	3	S18
O32	8	7	1	H371	2.34	2.09	780,1080,0.82
O32	8	7	2	L9
O32	8	7	3	S2
O33	4	10	1	H452	3.37	2.53	780,1080,0.34
O33	4	10	2	L2
O33	4	10	3	S16
O34	7	8	1	H818	3.29	1.26	660,960,0.54
O34	7	8	2	L1
O34	7	8	3	S5
O35	5	3	1	H544	4.78	3.61	630,930,0.31
O35	5	3	2	L8
O35	5	3	3	S3
O36	1	5	1	H903	0.61	3.46	630,930,0.59
O36	1	5	2	L4
O36	1	5	3	S5
O37	2	10	1	H1809	2.29	1.32	780,1080,0.92
O37	2	10	2	L5
O37	2	10	3	S12
O38	8	9	1	H183	4.84	0.35	600,900,0.23
O38	8	9	2	L3
O38	8	9	3	S14
O39	5	10	1	H706	4.41	0.21	600,900,0.46
O39	5	10	2	L12
O39	5	10	3	S3
O40	10	9	1	H208	2.22	0.96	720,1020,0.3
O40	10	9	2	L8
O40	10	9	3	S6
O41	5	7	1	H625	0.93	1.37	690,990,0.49
O41	5	7	2	L10
O41	5	7	3	S9
O42	10	2	1	H1624	2.16	2.28	720,1020,0.87
O42	10	2	2	L12
O42	10	2	3	S2
O43	5	3	1	H732	2.28	2.11	660,960,0.32
O43	5	3	2	L10
O43	5	3	3	S11
O44	2	6	1	H1440	4.14	0.92	720,1020,0.59
O44	2	6	2	L8
O44	2	6	3	S19
O45	8	4	1	H467	2.41	0.68	720,1020,0.66
O45	8	4	2	L7
O45	8	4	3	S3
O46	9	5	1	H728	1.21	0.95	600,900,0.75
O46	9	5	2	L7
O46	9	5	3	S12
O47	7	3	1	H1052	2.93	2.12	780,1080,0.91
O47	7	3	2	L5
O47	7	3	3	S11
O48	7	7	1	H318	0.87	3.81	630,930,0.31
O48	7	7	2	L6
O48	7	7	3	S5
O49	7	8	1	H279	0.94	3.83	660,960,0.99
O49	7	8	2	L9
O49	7	8	3	S14
O50	3	8	1	H1886	4.8	2.47	720,1020,0.38
O50	3	8	2	L12
O50	3	8	3	S8
O51	3	4	1	H953	4.48	2.89	690,990,0.51
O51	3	4	2	L11
O51	3	4	3	S14
O52	8	7	1	H1234	0.31	1.43	690,990,0.59
O52	8	7	2	L4
O52	8	7	3	S10
O53	8	8	1	H1171	3.12	0.91	720,1020,0.93
O53	8	8	2	L8
O53	8	8	3	S6
O54	2	5	1	H112	2.82	0.91	780,1080,0.41
O54	2	5	2	L1
O54	2	5	3	S8
O55	6	5	1	H1893	4.84	2.86	660,960,0.26
O55	6	5	2	L11
O55	6	5	3	S15
O56	8	6	1	H1204	3.78	1.2	690,990,0.51
O56	8	6	2	L3
O56	8	6	3	S4
O57	2	9	1	H732	2.28	2.11	660,960,0.32
O57	2	9	2	L2
O57	2	9	3	S20
O58	3	6	1	H1117	0.63	2.83	630,930,0.98
O58	3	6	2	L10
O58	3	6	3	S10
O59	8	4	1	H1822	0.29	2.81	720,1020,0.95
O59	8	4	2	L8
O59	8	4	3	S9
O60	5	9	1	H1507	3.74	0.82	600,900,0.67
O60	5	9	2	L9
O60	5	9	3	S14
O61	5	5	1	H584	2.85	3.22	780,1080,0.23
O61	5	5	2	L8
O61	5	5	3	S13
O62	8	1	1	H353	3.66	0.96	780,1080,0.35
O62	8	1	2	L8
O62	8	1	3	S18
O63	7	7	1	H841	4.21	3.79	720,1020,0.79
O63	7	7	2	L6
O63	7	7	3	S6
O64	8	8	1	H1335	2.28	1.7	780,1080,0.83
O64	8	8	2	L12
O64	8	8	3	S3
O65	2	6	1	H571	1.3	3.6	720,1020,0.27
O65	2	6	2	L9
O65	2	6	3	S10
O66	2	9	1	H110	4.53	0.52	780,1080,0.85
O66	2	9	2	L9
O66	2	9	3	S4
O67	10	1	1	H1614	4.55	0.69	780,1080,0.53
O67	10	1	2	L1
O67	10	1	3	S18
O68	1	9	1	H1720	2.92	0.79	780,1080,0.74
O68	1	9	2	L4
O68	1	9	3	S3
O69	10	3	1	H216	2.85	3.43	660,960,0.38
O69	10	3	2	L12
O69	10	3	3	S9
O70	2	4	1	H1333	2.83	2.95	630,930,0.36
O70	2	4	2	L8
O70	2	4	3	S12
O71	3	6	1	H1072	4.15	3.23	690,990,0.59
O71	3	6	2	L3
O71	3	6	3	S1
O72	1	7	1	H1309	0.92	0.37	600,900,0.89
O72	1	7	2	L8
O72	1	7	3	S14
O73	2	8	1	H534	1.75	0.86	660,960,0.69
O73	2	8	2	L5
O73	2	8	3	S4
O74	7	3	1	H208	2.22	0.96	720,1020,0.3
O74	7	3	2	L2
O74	7	3	3	S11
O75	7	8	1	H1817	3.48	3.22	720,1020,0.99
O75	7	8	2	L4
O75	7	8	3	S15
O76	2	9	1	H877	0.84	0.18	690,990,0.64
O76	2	9	2	L2
O76	2	9	3	S3
O77	8	4	1	H1377	4.1	2.69	660,960,0.52
O77	8	4	2	L6
O77	8	4	3	S14
O78	8	3	1	H1407	2.6	0.65	600,900,0.29
O78	8	3	2	L11
O78	8	3	3	S20
O79	1	7	1	H327	4.75	2.71	690,990,0.27
O79	1	7	2	L4
O79	1	7	3	S11
O80	2	1	1	H1195	0.18	0.13	600,900,0.24
O80	2	1	2	L3
O80	2	1	3	S7
O81	7	10	1	H322	3.88	0.9	630,930,0.91
O81	7	10	2	L12
O81	7	10	3	S2
O82	6	9	1	H376	4.04	2.73	720,1020,0.39
O82	6	9	2	L5
O82	6	9	3	S8
O83	4	3	1	H1814	4.38	3.88	780,1080,0.58
O83	4	3	2	L11
O83	4	3	3	S17
O84	9	1	1	H1457	3.41	0.95	660,960,0.62
O84	9	1	2	L1
O84	9	1	3	S7
O85	1	4	1	H1745	0.93	3.11	600,900,0.9
O85	1	4	2	L8
O85	1	4	3	S12
O86	8	10	1	H1341	1.92	2.21	660,960,0.75
O86	8	10	2	L6
O86	8	10	3	S13
O87	4	4	1	H666	2.85	1.84	720,1020,0.76
O87	4	4	2	L9
O87	4	4	3	S8
O88	6	7	1	H1605	0.82	3.05	600,900,0.65
O88	6	7	2	L9
O88	6	7	3	S18
O89	2	1	1	H1253	4.05	2.9	720,1020,0.61
O89	2	1	2	L10
O89	2	1	3	S3
O90	2	7	1	H869	1.25	2.12	720,1020,0.54
O90	2	7	2	L4
O90	2	7	3	S3
O91	8	1	1	H505	1.29	1.35	660,960,0.54
O91	8	1	2	L3
O91	8	1	3	S15
O92	4	9	1	H806	0.42	3.23	660,960,0.82
O92	4	9	2	L10
O92	4	9	3	S20
O93	7	4	1	H1253	4.05	2.9	720,1020,0.61
O93	7	4	2	L6
O93	7	4	3	S18
O94	3	4	1	H1545	1.23	2.67	660,960,0.45
O94	3	4	2	L1
O94	3	4	3	S12
O95	5	3	1	H649	1.39	3.76	630,930,0.75
O95	5	3	2	L11
O95	5	3	3	S11
O96	4	9	1	H1038	0.0	2.49	720,1020,0.43
O96	4	9	2	L12
O96	4	9	3	S16
O97	9	10	1	H1185	2.52	0.27	690,990,0.98
O97	9	10	2	L6
O97	9	10	3	S3
O98	8	10	1	H1051	0.79	3.81	690,990,0.45
O98	8	10	2	L8
O98	8	10	3	S9
O99	2	8	1	H1806	4.89	3.41	600,900,0.43
O99	2	8	2	L1
O99	2	8	3	S10
O100	9	5	1	H1514	3.08	1.2	660,960,0.2
O100	9	5	2	L6
O100	9	5	3	S8
O101	8	7	1	H1294	0.06	3.89	720,1020,0.41
O101	8	7	2	L8
O101	8	7	3	S4
O102	1	3	1	H1602	1.25	2.93	720,1020,0.31
O102	1	3	2	L11
O102	1	3	3	S11
O103	3	3	1	H1648	1.55	0.95	690,990,0.52
O103	3	3	2	L1
O103	3	3	3	S14
O104	3	1	1	H820	3.23	3.92	720,1020,0.72
O104	3	1	2	L1
O104	3	1	3	S15
O105	9	3	1	H1641	0.8	1.34	600,900,0.58
O105	9	3	2	L8
O105	9	3	3	S10
O106	9	3	1	H1294	0.06	3.89	720,1020,0.41
O106	9	3	2	L8
O106	9	3	3	S14
O107	4	5	1	H545	4.36	2.61	780,1080,0.37
O107	4	5	2	L6
O107	4	5	3	S1
O108	6	2	1	H859	4.17	3.05	780,1080,0.96
O108	6	2	2	L11
O108	6	2	3	S12
O109	9	4	1	H543	3.65	0.22	600,900,0.47
O109	9	4	2	L11
O109	9	4	3	S16
O110	10	5	1	H1518	0.8	3.73	690,990,0.85
O110	10	5	2	L8
O110	10	5	3	S20
O111	10	7	1	H1381	0.44	3.3	660,960,0.58
O111	10	7	2	L7
O111	10	7	3	S16
O112	10	9	1	H1358	2.31	1.23	720,1020,0.49
O112	10	9	2	L4
O112	10	9	3	S19
O113	6	7	1	H1606	3.4	3.77	780,1080,0.65
O113	6	7	2	L10
O113	6	7	3	S12
O114	10	8	1	H39	0.27	3.45	720,1020,0.35
O114	10	8	2	L9
O114	10	8	3	S14
O115	2	4	1	H114	4.18	0.27	720,1020,0.79
O115	2	4	2	L3
O115	2	4	3	S4
O116	7	4	1	H499	3.09	2.16	780,1080,0.99
O116	7	4	2	L8
O116	7	4	3	S11
O117	9	10	1	H1854	3.04	2.13	600,900,0.84
O117	9	10	2	L11
O117	9	10	3	S19
O118	9	9	1	H1900	3.32	2.19	720,1020,0.58
O118	9	9	2	L9
O118	9	9	3	S5
O119	2	6	1	H264	4.91	0.85	780,1080,0.29
O119	2	6	2	L11
O119	2	6	3	S1
O120	6	2	1	H1281	0.13	3.01	660,960,0.91
O120	6	2	2	L2
O120	6	2	3	S3
O121	1	2	1	H602	0.12	3.25	630,930,0.9
O121	1	2	2	L3
O121	1	2	3	S12
O122	9	3	1	H266	3.62	3.1	600,900,0.91
O122	9	3	2	L10
O122	9	3	3	S8
O123	9	10	1	H443	2.94	0.19	600,900,0.58
O123	9	10	2	L6
O123	9	10	3	S14
O124	2	9	1	H1676	0.64	1.65	630,930,0.85
O124	2	9	2	L12
O124	2	9	3	S10
O125	6	8	1	H637	1.85	2.47	720,1020,0.71
O125	6	8	2	L9
O125	6	8	3	S18
O126	1	6	1	H831	2.12	1.94	690,990,0.47
O126	1	6	2	L12
O126	1	6	3	S2
O127	1	3	1	H526	3.36	1.96	660,960,0.49
O127	1	3	2	L10
O127	1	3	3	S15
O128	6	5	1	H662	0.99	1.23	630,930,0.36
O128	6	5	2	L10
O128	6	5	3	S11
O129	1	10	1	H1887	4.0	0.5	720,1020,0.79
O129	1	10	2	L2
O129	1	10	3	S20
O130	4	1	1	H209	2.18	2.57	600,900,0.9
O130	4	1	2	L1
O130	4	1	3	S4
O131	2	2	1	H569	3.62	2.12	780,1080,0.23
O131	2	2	2	L6
O131	2	2	3	S11
O132	6	8	1	H1026	4.47	2.49	690,990,0.3
O132	6	8	2	L7
O132	6	8	3	S4
O133	7	6	1	H1916	2.66	3.24	780,1080,0.39
O133	7	6	2	L7
O133	7	6	3	S8
O134	10	7	1	H275	2.27	2.65	660,960,0.61
O134	10	7	2	L8
O134	10	7	3	S7
O135	3	1	1	H1681	2.26	2.78	690,990,0.59
O135	3	1	2	L7
O135	3	1	3	S4
O136	10	8	1	H1713	4.14	1.95	780,1080,0.88
O136	10	8	2	L1
O136	10	8	3	S18
O137	9	6	1	H1644	4.89	3.11	600,900,0.62
O137	9	6	2	L4
O137	9	6	3	S7
O138	1	7	1	H1457	3.41	0.95	660,960,0.62
O138	1	7	2	L9
O138	1	7	3	S11
O139	6	6	1	H199	1.11	1.69	690,990,0.69
O139	6	6	2	L5
O139	6	6	3	S11
O140	4	4	1	H307	3.26	1.43	630,930,0.31
O140	4	4	2	L10
O140	4	4	3	S3
O141	4	9	1	H1961	2.22	0.64	630,930,0.83
O141	4	9	2	L2
O141	4	9	3	S3
O142	4	6	1	H369	1.03	0.05	600,900,0.87
O142	4	6	2	L6
O142	4	6	3	S3
O143	3	10	1	H1744	0.84	3.37	630,930,0.83
O143	3	10	2	L6
O143	3	10	3	S3
O144	10	7	1	H1503	0.23	3.96	600,900,0.59
O144	10	7	2	L3
O144	10	7	3	S7
O145	6	4	1	H591	3.57	0.52	690,990,0.93
O145	6	4	2	L1
O145	6	4	3	S16
O146	8	8	1	H380	4.96	3.15	600,900,0.97
O146	8	8	2	L1
O146	8	8	3	S19
O147	8	8	1	H1413	1.9	3.53	690,990,0.26
O147	8	8	2	L8
O147	8	8	3	S9
O148	4	9	1	H89	4.31	2.65	600,900,0.24
O148	4	9	2	L4
O148	4	9	3	S4
O149	3	1	1	H975	4.27	1.89	630,930,0.36
O149	3	1	2	L12
O149	3	1	3	S9
O150	6	1	1	H384	2.32	2.92	600,900,0.55
O150	6	1	2	L6
O150	6	1	3	S8
O151	2	9	1	H1229	3.77	2.98	690,990,0.26
O151	2	9	2	L7
O151	2	9	3	S8
O152	5	4	1	H1687	1.07	2.24	660,960,0.45
O152	5	4	2	L1
O152	5	4	3	S9
O153	4	8	1	H1855	2.24	3.7	780,1080,0.54
O153	4	8	2	L10
O153	4	8	3	S18
O154	7	3	1	H1395	3.06	1.87	720,1020,0.27
O154	7	3	2	L4
O154	7	3	3	S9
O155	10	4	1	H1047	4.78	1.77	630,930,0.98
O155	10	4	2	L12
O155	10	4	3	S5
O156	9	6	1	H1654	1.77	3.11	720,1020,0.76
O156	9	6	2	L9
O156	9	6	3	S15
O157	6	7	1	H1006	3.96	0.34	720,1020,0.85
O157	6	7	2	L11
O157	6	7	3	S1
O158	5	9	1	H1737	1.02	3.32	780,1080,0.99
O158	5	9	2	L7
O158	5	9	3	S8
O159	5	10	1	H1198	3.2	2.0	660,960,0.23
O159	5	10	2	L12
O159	5	10	3	S6
O160	2	3	1	H478	1.21	2.61	690,990,0.43
O160	2	3	2	L8
O160	2	3	3	S20
O161	2	2	1	H1363	4.1	3.89	690,990,0.65
O161	2	2	2	L1
O161	2	2	3	S14
O162	6	8	1	H251	3.47	3.57	630,930,0.4
O162	6	8	2	L5
O162	6	8	3	S19
O163	8	3	1	H765	1.89	0.61	780,1080,0.37
O163	8	3	2	L4
O163	8	3	3	S4
O164	6	5	1	H1852	1.28	3.24	780,1080,0.75
O164	6	5	2	L5
O164	6	5	3	S15
O165	3	6	1	H1810	1.48	1.18	690,990,0.65
O165	3	6	2	L1
O165	3	6	3	S1
O166	1	2	1	H921	1.19	2.43	690,990,0.6
O166	1	2	2	L10
O166	1	2	3	S20
O167	8	9	1	H1019	4.42	0.29	630,930,0.98
O167	8	9	2	L5
O167	8	9	3	S19
O168	9	6	1	H809	3.82	1.3	660,960,0.28
O168	9	6	2	L10
O168	9	6	3	S18
O169	1	8	1	H1699	0.48	3.97	660,960,0.42
O169	1	8	2	L1
O169	1	8	3	S20
O170	6	5	1	H1871	0.11	0.36	690,990,0.37
O170	6	5	2	L7
O170	6	5	3	S20
O171	8	10	1	H934	1.89	2.81	780,1080,0.83
O171	8	10	2	L2
O171	8	10	3	S13
O172	4	3	1	H1491	2.1	2.64	720,1020,0.98
O172	4	3	2	L1
O172	4	3	3	S9
O173	10	8	1	H1761	2.36	1.83	660,960,0.22
O173	10	8	2	L12
O173	10	8	3	S20
O174	7	3	1	H1243	1.8	0.31	600,900,0.58
O174	7	3	2	L3
O174	7	3	3	S1
O175	1	5	1	H823	2.58	2.66	690,990,0.95
O175	1	5	2	L9
O175	1	5	3	S6
O176	7	2	1	H660	1.95	3.46	660,960,0.36
O176	7	2	2	L2
O176	7	2	3	S2
O177	3	7	1	H1462	4.59	0.31	660,960,0.84
O177	3	7	2	L5
O177	3	7	3	S4
O178	9	1	1	H1027	4.54	3.76	660,960,0.87
O178	9	1	2	L2
O178	9	1	3	S1
O179	8	10	1	H1773	4.09	3.19	660,960,0.54
O179	8	10	2	L3
O179	8	10	3	S4
O180	7	7	1	H448	4.76	0.16	630,930,0.42
O180	7	7	2	L12
O180	7	7	3	S19
O181	4	6	1	H137	0.45	3.57	780,1080,0.64
O181	4	6	2	L1
O181	4	6	3	S7
O182	10	6	1	H616	4.47	2.6	630,930,0.96
O182	10	6	2	L2
O182	10	6	3	S18
O183	5	3	1	H813	1.35	2.16	720,1020,0.77
O183	5	3	2	L5
O183	5	3	3	S3
O184	7	7	1	H424	4.71	0.87	780,1080,0.69
O184	7	7	2	L3
O184	7	7	3	S2
O185	1	7	1	H1791	4.27	1.04	600,900,0.94
O185	1	7	2	L10
O185	1	7	3	S9
O186	3	9	1	H1078	3.99	2.81	660,960,0.83
O186	3	9	2	L8
O186	3	9	3	S8
O187	5	3	1	H430	0.81	0.04	720,1020,0.42
O187	5	3	2	L4
O187	5	3	3	S1
O188	10	7	1	H1112	4.95	0.05	660,960,0.8
O188	10	7	2	L5
O188	10	7	3	S4
O189	10	1	1	H183	4.84	0.35	600,900,0.23
O189	10	1	2	L4
O189	10	1	3	S1
O190	8	5	1	H1531	3.5	3.42	600,900,0.33
O190	8	5	2	L12
O190	8	5	3	S5
O191	6	4	1	H532	1.67	3.8	780,1080,0.64
O191	6	4	2	L5
O191	6	4	3	S16
O192	8	1	1	H1397	4.67	0.74	660,960,0.77
O192	8	1	2	L2
O192	8	1	3	S2
O193	7	2	1	H625	0.93	1.37	690,990,0.49
O193	7	2	2	L6
O193	7	2	3	S14
O194	10	10	1	H307	3.26	1.43	630,930,0.31
O194	10	10	2	L9
O194	10	10	3	S6
O195	3	3	1	H1487	0.75	4.0	660,960,0.55
O195	3	3	2	L4
O195	3	3	3	S11
O196	7	1	1	H1762	2.62	1.46	720,1020,0.83
O196	7	1	2	L12
O196	7	1	3	S19
O197	10	3	1	H409	4.7	0.56	660,960,0.49
O197	10	3	2	L11
O197	10	3	3	S4
O198	5	6	1	H1010	3.21	2.31	780,1080,0.28
O198	5	6	2	L9
O198	5	6	3	S10
O199	6	4	1	H1596	0.82	1.48	720,1020,0.73
O199	6	4	2	L4
O199	6	4	3	S12
O200	5	9	1	H456	2.97	3.43	630,930,0.67
O200	5	9	2	L2
O200	5	9	3	S8
O201	1	9	1	H1439	2.33	1.74	720,1020,0.97
O201	1	9	2	L11
O201	1	9	3	S14
O202	4	10	1	H1696	4.69	2.56	600,900,0.46
O202	4	10	2	L8
O202	4	10	3	S7
O203	4	10	1	H1299	2.06	0.16	660,960,0.83
O203	4	10	2	L10
O203	4	10	3	S2
O204	1	4	1	H274	2.95	1.43	600,900,0.63
O204	1	4	2	L8
O204	1	4	3	S18
O205	5	3	1	H1093	1.0	1.02	630,930,0.93
O205	5	3	2	L2
O205	5	3	3	S11
O206	8	2	1	H276	3.25	2.53	660,960,0.31
O206	8	2	2	L12
O206	8	2	3	S3
O207	4	9	1	H1028	4.12	3.07	780,1080,0.75
O207	4	9	2	L4
O207	4	9	3	S7
O208	9	8	1	H929	4.75	1.5	630,930,0.94
O208	9	8	2	L6
O208	9	8	3	S14
O209	2	1	1	H244	2.3	0.8	630,930,0.75
O209	2	1	2	L10
O209	2	1	3	S15
O210	3	6	1	H585	4.91	3.7	780,1080,0.46
O210	3	6	2	L1
O210	3	6	3	S3
O211	1	6	1	H846	4.98	0.75	660,960,0.63
O211	1	6	2	L5
O211	1	6	3	S4
O212	6	1	1	H310	1.9	3.8	780,1080,0.49
O212	6	1	2	L11
O212	6	1	3	S2
O213	2	6	1	H729	1.03	1.44	630,930,0.38
O213	2	6	2	L11
O213	2	6	3	S3
O214	9	5	1	H1789	0.86	0.76	660,960,0.56
O214	9	5	2	L12
O214	9	5	3	S17
O215	5	7	1	H1261	2.38	4.0	600,900,0.34
O215	5	7	2	L12
O215	5	7	3	S11
O216	1	9	1	H1371	2.42	1.36	660,960,0.33
O216	1	9	2	L2
O216	1	9	3	S10
O217	9	5	1	H1337	3.75	3.15	630,930,0.85
O217	9	5	2	L6
O217	9	5	3	S10
O218	6	9	1	H431	4.53	3.04	780,1080,0.32
O218	6	9	2	L11
O218	6	9	3	S8
O219	9	9	1	H1283	0.79	0.17	720,1020,0.76
O219	9	9	2	L2
O219	9	9	3	S13
O220	1	2	1	H1933	2.69	0.5	600,900,0.39
O220	1	2	2	L12
O220	1	2	3	S5
O221	7	5	1	H803	4.3	0.07	630,930,0.29
O221	7	5	2	L3
O221	7	5	3	S11
O222	6	4	1	H823	2.58	2.66	690,990,0.95
O222	6	4	2	L8
O222	6	4	3	S6
O223	9	7	1	H176	2.83	3.12	630,930,0.3
O223	9	7	2	L5
O223	9	7	3	S3
O224	3	3	1	H904	0.61	0.78	720,1020,0.65
O224	3	3	2	L8
O224	3	3	3	S18
O225	2	7	1	H195	4.44	3.14	780,1080,0.21
O225	2	7	2	L2
O225	2	7	3	S2
O226	1	5	1	H1470	3.85	1.35	630,930,0.52
O226	1	5	2	L7
O226	1	5	3	S12
O227	2	5	1	H360	1.47	3.66	720,1020,0.9
O227	2	5	2	L3
O227	2	5	3	S16
O228	9	10	1	H733	1.03	0.33	630,930,0.58
O228	9	10	2	L12
O228	9	10	3	S11
O229	6	2	1	H1898	0.49	1.97	660,960,0.29
O229	6	2	2	L1
O229	6	2	3	S10
O230	2	5	1	H540	3.82	0.34	630,930,0.31
O230	2	5	2	L12
O230	2	5	3	S17
O231	4	1	1	H995	1.97	2.9	780,1080,0.61
O231	4	1	2	L9
O231	4	1	3	S7
O232	3	1	1	H1118	0.54	2.91	690,990,0.7
O232	3	1	2	L11
O232	3	1	3	S15
O233	1	1	1	H1618	1.93	1.9	660,960,0.82
O233	1	1	2	L5
O233	1	1	3	S5
O234	4	3	1	H336	1.83	2.94	600,900,0.83
O234	4	3	2	L8
O234	4	3	3	S19
O235	8	9	1	H120	2.53	0.07	690,990,0.23
O235	8	9	2	L7
O235	8	9	3	S4
O236	2	6	1	H488	3.43	0.44	600,900,0.91
O236	2	6	2	L6
O236	2	6	3	S2
O237	1	6	1	H1524	0.61	2.48	600,900,0.81
O237	1	6	2	L1
O237	1	6	3	S13
O238	9	3	1	H1289	2.28	0.08	690,990,0.28
O238	9	3	2	L10
O238	9	3	3	S9
O239	3	6	1	H41	3.79	0.79	780,1080,0.25
O239	3	6	2	L3
O239	3	6	3	S12
O240	5	9	1	H985	4.03	3.75	600,900,0.53
O240	5	9	2	L11
O240	5	9	3	S20
O241	7	6	1	H865	3.63	1.16	720,1020,0.33
O241	7	6	2	L6
O241	7	6	3	S4
O242	6	1	1	H292	3.62	0.78	780,1080,0.72
O242	6	1	2	L10
O242	6	1	3	S4
O243	2	4	1	H1971	3.25	0.68	720,1020,0.87
O243	2	4	2	L4
O243	2	4	3	S15
O244	10	4	1	H438	2.66	0.66	600,900,0.84
O244	10	4	2	L7
O244	10	4	3	S12
O245	3	2	1	H823	2.58	2.66	690,990,0.95
O245	3	2	2	L10
O245	3	2	3	S9
O246	3	10	1	H455	3.12	3.29	690,990,0.42
O246	3	10	2	L8
O246	3	10	3	S12
O247	7	6	1	H1504	1.52	0.33	600,900,0.38
O247	7	6	2	L4
O247	7	6	3	S11
O248	7	7	1	H27	4.03	2.96	720,1020,0.92
O248	7	7	2	L3
O248	7	7	3	S11
O249	7	10	1	H1161	4.55	3.32	660,960,0.66
O249	7	10	2	L6
O249	7	10	3	S9
O250	10	8	1	H14	4.13	3.0	660,960,0.86
O250	10	8	2	L6
O250	10	8	3	S3
O251	7	7	1	H820	3.23	3.92	720,1020,0.72
O251	7	7	2	L8
O251	7	7	3	S9
O252	2	7	1	H1963	3.65	1.55	630,930,0.82
O252	2	7	2	L8
O252	2	7	3	S5
O253	1	8	1	H175	4.65	3.55	780,1080,0.23
O253	1	8	2	L4
O253	1	8	3	S19
O254	3	9	1	H108	0.23	3.28	630,930,0.34
O254	3	9	2	L3
O254	3	9	3	S17
O255	7	5	1	H855	3.67	0.28	600,900,0.51
O255	7	5	2	L2
O255	7	5	3	S2
O256	2	10	1	H60	0.91	0.18	630,930,0.24
O256	2	10	2	L11
O256	2	10	3	S1
O257	2	4	1	H1557	0.0	1.17	600,900,0.53
O257	2	4	2	L10
O257	2	4	3	S20
O258	1	1	1	H527	3.98	1.91	600,900,0.79
O258	1	1	2	L6
O258	1	1	3	S15
O259	7	3	1	H1220	2.75	2.2	720,1020,0.46
O259	7	3	2	L7
O259	7	3	3	S13
O260	5	7	1	H1457	3.41	0.95	660,960,0.62
O260	5	7	2	L7
O260	5	7	3	S19
O261	9	7	1	H1205	0.87	2.96	600,900,0.44
O261	9	7	2	L2
O261	9	7	3	S8
O262	9	8	1	H651	0.78	1.8	630,930,0.29
O262	9	8	2	L3
O262	9	8	3	S15
O263	9	8	1	H177	2.98	1.08	630,930,0.79
O263	9	8	2	L6
O263	9	8	3	S5
O264	6	3	1	H1735	2.74	2.13	780,1080,0.41
O264	6	3	2	L1
O264	6	3	3	S17
O265	4	6	1	H35	1.09	0.97	630,930,0.77
O265	4	6	2	L4
O265	4	6	3	S17
O266	9	5	1	H1507	3.74	0.82	600,900,0.67
O266	9	5	2	L5
O266	9	5	3	S20
O267	1	7	1	H10	2.29	3.81	660,960,0.51
O267	1	7	2	L7
O267	1	7	3	S6
O268	3	8	1	H609	0.74	1.98	780,1080,0.9
O268	3	8	2	L4
O268	3	8	3	S6
O269	6	10	1	H1092	3.46	2.91	600,900,0.83
O269	6	10	2	L9
O269	6	10	3	S7
O270	9	6	1	H1299	2.06	0.16	660,960,0.83
O270	9	6	2	L2
O270	9	6	3	S5
O271	8	10	1	H554	2.3	3.72	600,900,0.46
O271	8	10	2	L11
O271	8	10	3	S3
O272	4	4	1	H1768	1.67	2.62	600,900,0.63
O272	4	4	2	L7
O272	4	4	3	S6
O273	6	4	1	H815	4.97	3.1	660,960,0.39
O273	6	4	2	L10
O273	6	4	3	S6
O274	3	1	1	H1114	1.47	2.2	630,930,0.34
O274	3	1	2	L1
O274	3	1	3	S18
O275	2	5	1	H1415	4.5	3.86	690,990,0.98
O275	2	5	2	L8
O275	2	5	3	S10
O276	6	4	1	H1182	0.46	0.74	660,960,0.98
O276	6	4	2	L8
O276	6	4	3	S10
O277	5	8	1	H584	2.85	3.22	780,1080,0.23
O277	5	8	2	L8
O277	5	8	3	S10
O278	7	7	1	H809	3.82	1.3	660,960,0.28
O278	7	7	2	L7
O278	7	7	3	S19
O279	9	8	1	H1714	0.7	1.76	690,990,0.63
O279	9	8	2	L8
O279	9	8	3	S5
O280	7	3	1	H827	4.87	3.04	630,930,0.92
O280	7	3	2	L6
O280	7	3	3	S17
O281	1	5	1	H1594	4.88	2.32	780,1080,0.92
O281	1	5	2	L2
O281	1	5	3	S11
O282	4	3	1	H243	1.6	0.11	780,1080,0.7
O282	4	3	2	L1
O282	4	3	3	S17
O283	5	10	1	H490	2.5	3.73	630,930,0.56
O283	5	10	2	L2
O283	5	10	3	S6
O284	6	4	1	H1690	0.1	0.17	660,960,0.96
O284	6	4	2	L12
O284	6	4	3	S10
O285	3	10	1	H1398	1.35	3.13	780,1080,0.73
O285	3	10	2	L5
O285	3	10	3	S15
O286	9	2	1	H1551	3.33	0.57	600,900,0.3
O286	9	2	2	L10
O286	9	2	3	S17
O287	8	5	1	H1892	0.63	3.77	720,1020,0.65
O287	8	5	2	L2
O287	8	5	3	S16
O288	9	3	1	H1093	1.0	1.02	630,930,0.93
O288	9	3	2	L3
O288	9	3	3	S16
O289	3	9	1	H1286	4.74	2.5	780,1080,0.26
O289	3	9	2	L7
O289	3	9	3	S15
O290	6	6	1	H1942	1.78	0.76	780,1080,0.43
O290	6	6	2	L7
O290	6	6	3	S8
O291	10	8	1	H1111	4.37	1.77	600,900,0.95
O291	10	8	2	L6
O291	10	8	3	S4
O292	1	6	1	H63	2.3	0.45	660,960,0.48
O292	1	6	2	L1
O292	1	6	3	S14
O293	10	6	1	H856	1.05	3.51	600,900,0.59
O293	10	6	2	L8
O293	10	6	3	S8
O294	2	3	1	H386	4.71	2.81	720,1020,0.34
O294	2	3	2	L7
O294	2	3	3	S1
O295	6	8	1	H332	4.19	2.83	720,1020,0.71
O295	6	8	2	L3
O295	6	8	3	S7
O296	9	9	1	H1780	0.26	1.73	720,1020,0.25
O296	9	9	2	L11
O296	9	9	3	S9
O297	7	4	1	H75	0.37	2.66	780,1080,0.39
O297	7	4	2	L2
O297	7	4	3	S16
O298	7	6	1	H1566	4.63	2.01	720,1020,0.67
O298	7	6	2	L4
O298	7	6	3	S20
O299	1	3	1	H1831	3.25	1.18	780,1080,0.36
O299	1	3	2	L10
O299	1	3	3	S14
O300	6	3	1	H1837	2.26	3.43	720,1020,0.31
O300	6	3	2	L8
O300	6	3	3	S11
O301	7	1	1	H1095	2.26	3.55	720,1020,0.58
O301	7	1	2	L8
O301	7	1	3	S3
O302	7	4	1	H1381	0.44	3.3	660,960,0.58
O302	7	4	2	L1
O302	7	4	3	S7
O303	8	5	1	H1487	0.75	4.0	660,960,0.55
O303	8	5	2	L2
O303	8	5	3	S1
O304	4	9	1	H363	3.51	2.55	660,960,0.52
O304	4	9	2	L11
O304	4	9	3	S2
O305	6	1	1	H454	3.52	1.03	630,930,0.31
O305	6	1	2	L6
O305	6	1	3	S18
O306	3	3	1	H721	3.18	1.92	660,960,0.75
O306	3	3	2	L3
O306	3	3	3	S19
O307	6	4	1	H1019	4.42	0.29	630,930,0.98
O307	6	4	2	L11
O307	6	4	3	S3
O308	4	6	1	H1031	0.96	2.59	660,960,0.44
O308	4	6	2	L12
O308	4	6	3	S14
O309	6	8	1	H1966	1.64	3.12	600,900,0.23
O309	6	8	2	L5
O309	6	8	3	S18
O310	2	1	1	H327	4.75	2.71	690,990,0.27
O310	2	1	2	L5
O310	2	1	3	S3
O311	3	3	1	H1911	3.5	3.64	720,1020,0.78
O311	3	3	2	L4
O311	3	3	3	S4
O312	7	1	1	H1513	4.76	3.73	600,900,0.31
O312	7	1	2	L3
O312	7	1	3	S5
O313	7	7	1	H357	1.2	3.03	630,930,0.31
O313	7	7	2	L8
O313	7	7	3	S3
O314	1	9	1	H670	3.2	1.84	600,900,0.87
O314	1	9	2	L11
O314	1	9	3	S11
O315	9	4	1	H1892	0.63	3.77	720,1020,0.65
O315	9	4	2	L9
O315	9	4	3	S12
O316	1	8	1	H221	2.19	0.02	720,1020,0.92
O316	1	8	2	L10
O316	1	8	3	S8
O317	1	2	1	H1344	2.04	3.34	600,900,0.53
O317	1	2	2	L8
O317	1	2	3	S9
O318	8	9	1	H1592	3.06	2.99	600,900,0.8
O318	8	9	2	L9
O318	8	9	3	S9
O319	6	3	1	H52	2.48	2.43	780,1080,0.61
O319	6	3	2	L7
O319	6	3	3	S16
O320	10	10	1	H565	1.35	0.82	600,900,0.95
O320	10	10	2	L3
O320	10	10	3	S15
O321	7	4	1	H1883	2.92	0.89	600,900,0.55
O321	7	4	2	L6
O321	7	4	3	S15
O322	3	4	1	H1266	3.02	0.14	690,990,0.98
O322	3	4	2	L3
O322	3	4	3	S2
O323	1	1	1	H1375	4.32	0.01	780,1080,0.83
O323	1	1	2	L7
O323	1	1	3	S15
O324	1	2	1	H583	3.35	1.32	630,930,0.78
O324	1	2	2	L5
O324	1	2	3	S5
O325	5	6	1	H1094	3.76	0.49	780,1080,0.41
O325	5	6	2	L3
O325	5	6	3	S6
O326	7	6	1	H1693	2.97	2.63	720,1020,0.32
O326	7	6	2	L7
O326	7	6	3	S15
O327	1	4	1	H24	2.22	0.09	720,1020,0.89
O327	1	4	2	L11
O327	1	4	3	S2
O328	4	7	1	H1031	0.96	2.59	660,960,0.44
O328	4	7	2	L6
O328	4	7	3	S13
O329	1	8	1	H1659	1.69	2.35	690,990,0.98
O329	1	8	2	L4
O329	1	8	3	S6
O330	3	8	1	H834	3.88	0.29	600,900,0.6
O330	3	8	2	L6
O330	3	8	3	S14
O331	10	9	1	H1395	3.06	1.87	720,1020,0.27
O331	10	9	2	L9
O331	10	9	3	S2
O332	4	8	1	H582	3.5	0.97	720,1020,0.92
O332	4	8	2	L12
O332	4	8	3	S11
O333	5	7	1	H1706	4.17	1.24	720,1020,0.96
O333	5	7	2	L12
O333	5	7	3	S6
O334	2	7	1	H1532	2.63	3.68	690,990,0.99
O334	2	7	2	L10
O334	2	7	3	S1
O335	6	3	1	H1067	2.61	0.91	660,960,0.84
O335	6	3	2	L10
O335	6	3	3	S7
O336	1	3	1	H193	0.74	2.34	660,960,0.23
O336	1	3	2	L6
O336	1	3	3	S7
O337	3	5	1	H980	1.99	2.59	780,1080,0.77
O337	3	5	2	L3
O337	3	5	3	S9
O338	7	9	1	H1649	0.86	2.12	690,990,0.61
O338	7	9	2	L10
O338	7	9	3	S1
O339	3	10	1	H368	2.43	1.2	630,930,0.79
O339	3	10	2	L4
O339	3	10	3	S16
O340	9	3	1	H1935	1.11	3.04	690,990,0.41
O340	9	3	2	L1
O340	9	3	3	S19
O341	3	7	1	H1189	4.9	1.37	600,900,0.58
O341	3	7	2	L4
O341	3	7	3	S10
O342	4	5	1	H1653	0.86	2.56	600,900,0.28
O342	4	5	2	L12
O342	4	5	3	S9
O343	8	6	1	H651	0.78	1.8	630,930,0.29
O343	8	6	2	L9
O343	8	6	3	S19
O344	5	5	1	H868	1.57	2.12	780,1080,0.33
O344	5	5	2	L7
O344	5	5	3	S12
O345	10	5	1	H1317	2.5	3.58	780,1080,0.58
O345	10	5	2	L11
O345	10	5	3	S18
O346	3	1	1	H52	2.48	2.43	780,1080,0.61
O346	3	1	2	L12
O346	3	1	3	S4
O347	7	1	1	H170	4.06	0.39	720,1020,0.72
O347	7	1	2	L10
O347	7	1	3	S6
O348	5	4	1	H1825	0.53	0.33	660,960,0.72
O348	5	4	2	L4
O348	5	4	3	S18
O349	10	1	1	H184	2.76	2.25	690,990,0.87
O349	10	1	2	L1
O349	10	1	3	S13
O350	3	7	1	H982	3.3	2.6	690,990,0.74
O350	3	7	2	L3
O350	3	7	3	S3
O351	10	9	1	H1956	0.58	3.64	780,1080,0.73
O351	10	9	2	L7
O351	10	9	3	S7
O352	1	8	1	H1205	0.87	2.96	600,900,0.44
O352	1	8	2	L7
O352	1	8	3	S11
O353	1	2	1	H1034	4.6	1.15	630,930,0.66
O353	1	2	2	L12
O353	1	2	3	S20
O354	1	7	1	H1028	4.12	3.07	780,1080,0.75
O354	1	7	2	L11
O354	1	7	3	S16
O355	9	8	1	H15	2.3	4.0	660,960,0.31
O355	9	8	2	L8
O355	9	8	3	S17
O356	6	3	1	H1699	0.48	3.97	660,960,0.42
O356	6	3	2	L4
O356	6	3	3	S18
O357	6	3	1	H98	1.34	0.07	780,1080,0.97
O357	6	3	2	L9
O357	6	3	3	S9
O358	10	1	1	H1222	4.36	0.29	690,990,0.45
O358	10	1	2	L1
O358	10	1	3	S2
O359	2	8	1	H168	1.55	1.24	780,1080,0.7
O359	2	8	2	L5
O359	2	8	3	S2
O360	1	5	1	H1998	0.03	1.74	600,900,0.62
O360	1	5	2	L2
O360	1	5	3	S15
O361	3	3	1	H82	2.87	1.79	600,900,0.27
O361	3	3	2	L9
O361	3	3	3	S8
O362	6	8	1	H888	1.09	1.22	660,960,0.5
O362	6	8	2	L9
O362	6	8	3	S6
O363	3	3	1	H1834	0.37	1.69	660,960,0.29
O363	3	3	2	L1
O363	3	3	3	S7
O364	4	10	1	H1210	0.45	1.85	660,960,0.37
O364	4	10	2	L9
O364	4	10	3	S4
O365	5	9	1	H349	1.17	3.7	660,960,0.54
O365	5	9	2	L7
O365	5	9	3	S9
O366	4	1	1	H304	4.03	3.58	780,1080,0.29
O366	4	1	2	L9
O366	4	1	3	S14
O367	3	2	1	H219	0.88	1.88	600,900,0.38
O367	3	2	2	L9
O367	3	2	3	S12
O368	3	8	1	H1267	3.42	1.83	780,1080,0.33
O368	3	8	2	L9
O368	3	8	3	S20
O369	2	6	1	H487	2.71	0.22	720,1020,0.43
O369	2	6	2	L12
O369	2	6	3	S14
O370	9	2	1	H1462	4.59	0.31	660,960,0.84
O370	9	2	2	L4
O370	9	2	3	S2
O371	2	2	1	H394	3.93	2.69	600,900,0.23
O371	2	2	2	L1
O371	2	2	3	S18
O372	3	2	1	H1904	3.95	2.14	720,1020,0.45
O372	3	2	2	L10
O372	3	2	3	S9
O373	1	3	1	H898	0.27	0.63	720,1020,0.67
O373	1	3	2	L11
O373	1	3	3	S2
O374	5	8	1	H12	4.12	3.44	780,1080,0.41
O374	5	8	2	L7
O374	5	8	3	S2
O375	2	7	1	H1589	3.04	2.04	630,930,0.78
O375	2	7	2	L8
O375	2	7	3	S20
O376	3	7	1	H237	4.73	2.45	660,960,0.72
O376	3	7	2	L7
O376	3	7	3	S3
O377	7	3	1	H1632	4.42	0.81	720,1020,0.69
O377	7	3	2	L3
O377	7	3	3	S10
O378	5	7	1	H1033	1.93	2.45	630,930,0.25
O378	5	7	2	L8
O378	5	7	3	S17
O379	9	7	1	H945	0.89	0.45	720,1020,0.43
O379	9	7	2	L4
O379	9	7	3	S6
O380	7	8	1	H536	1.96	3.98	660,960,0.49
O380	7	8	2	L4
O380	7	8	3	S4
O381	2	3	1	H1364	3.44	3.38	780,1080,0.22
O381	2	3	2	L8
O381	2	3	3	S18
O382	2	1	1	H771	3.84	0.08	690,990,0.47
O382	2	1	2	L1
O382	2	1	3	S12
O383	8	3	1	H1741	0.93	2.52	780,1080,0.54
O383	8	3	2	L12
O383	8	3	3	S8
O384	5	3	1	H43	1.03	2.2	600,900,0.91
O384	5	3	2	L10
O384	5	3	3	S10
O385	5	7	1	H1103	4.21	1.59	690,990,0.2
O385	5	7	2	L12
O385	5	7	3	S3
O386	7	9	1	H1820	2.99	2.42	780,1080,0.85
O386	7	9	2	L6
O386	7	9	3	S12
O387	5	3	1	H1362	1.28	2.34	630,930,0.87
O387	5	3	2	L5
O387	5	3	3	S5
O388	8	3	1	H1276	2.3	3.29	600,900,0.4
O388	8	3	2	L5
O388	8	3	3	S9
O389	6	4	1	H1236	3.26	3.56	600,900,0.75
O389	6	4	2	L10
O389	6	4	3	S2
O390	10	8	1	H1884	2.13	3.8	600,900,0.42
O390	10	8	2	L12
O390	10	8	3	S2
O391	4	8	1	H1750	0.42	1.26	780,1080,0.52
O391	4	8	2	L3
O391	4	8	3	S18
O392	9	2	1	H1985	4.64	2.55	690,990,0.56
O392	9	2	2	L9
O392	9	2	3	S20
O393	10	2	1	H1188	2.62	3.37	690,990,0.82
O393	10	2	2	L1
O393	10	2	3	S17
O394	8	5	1	H797	2.32	1.79	600,900,0.38
O394	8	5	2	L11
O394	8	5	3	S7
O395	1	8	1	H1489	2.27	1.97	690,990,0.55
O395	1	8	2	L4
O395	1	8	3	S16
O396	1	10	1	H1742	2.07	2.56	690,990,0.99
O396	1	10	2	L10
O396	1	10	3	S4
O397	6	10	1	H157	2.62	1.04	630,930,0.32
O397	6	10	2	L8
O397	6	10	3	S6
O398	1	8	1	H1878	0.44	1.38	630,930,0.85
O398	1	8	2	L1
O398	1	8	3	S4
O399	8	2	1	H964	3.99	1.86	600,900,0.92
O399	8	2	2	L1
O399	8	2	3	S5
O400	9	2	1	H370	0.96	2.18	600,900,0.74
O400	9	2	2	L4
O400	9	2	3	S7
O401	7	6	1	H268	3.01	3.96	600,900,0.7
O401	7	6	2	L7
O401	7	6	3	S15
O402	4	5	1	H1868	3.61	1.68	660,960,0.36
O402	4	5	2	L12
O402	4	5	3	S1
O403	10	6	1	H1881	4.11	0.42	600,900,0.24
O403	10	6	2	L2
O403	10	6	3	S5
O404	6	3	1	H1556	4.23	0.54	660,960,0.59
O404	6	3	2	L1
O404	6	3	3	S15
O405	5	6	1	H1545	1.23	2.67	660,960,0.45
O405	5	6	2	L4
O405	5	6	3	S15
O406	2	10	1	H1238	4.3	3.23	720,1020,0.46
O406	2	10	2	L2
O406	2	10	3	S15
O407	7	2	1	H192	4.2	0.21	660,960,0.61
O407	7	2	2	L5
O407	7	2	3	S17
O408	7	1	1	H104	4.3	0.75	630,930,0.85
O408	7	1	2	L1
O408	7	1	3	S16
O409	4	10	1	H1681	2.26	2.78	690,990,0.59
O409	4	10	2	L10
O409	4	10	3	S19
O410	2	7	1	H13	4.14	1.42	780,1080,0.57
O410	2	7	2	L9
O410	2	7	3	S14
O411	6	1	1	H725	0.67	3.81	690,990,0.43
O411	6	1	2	L2
O411	6	1	3	S18
O412	1	5	1	H1383	1.42	0.18	630,930,0.2
O412	1	5	2	L4
O412	1	5	3	S11
O413	4	1	1	H1471	1.4	1.3	690,990,0.39
O413	4	1	2	L12
O413	4	1	3	S3
O414	9	3	1	H1200	0.79	0.32	720,1020,0.53
O414	9	3	2	L7
O414	9	3	3	S13
O415	1	5	1	H1861	0.2	0.71	690,990,0.3
O415	1	5	2	L2
O415	1	5	3	S12
O416	7	1	1	H1190	0.03	0.62	600,900,0.32
O416	7	1	2	L11
O416	7	1	3	S13
O417	4	10	1	H884	1.35	2.82	660,960,0.23
O417	4	10	2	L8
O417	4	10	3	S5
O418	4	6	1	H49	2.86	2.36	780,1080,0.82
O418	4	6	2	L12
O418	4	6	3	S20
O419	2	5	1	H1153	0.95	0.75	630,930,0.28
O419	2	5	2	L7
O419	2	5	3	S10
O420	4	8	1	H1017	4.9	3.51	630,930,0.6
O420	4	8	2	L6
O420	4	8	3	S9
O421	7	10	1	H1100	3.38	1.16	780,1080,0.45
O421	7	10	2	L10
O421	7	10	3	S19
O422	9	3	1	H196	4.0	0.21	660,960,0.5
O422	9	3	2	L11
O422	9	3	3	S3
O423	10	8	1	H215	4.36	0.36	780,1080,0.44
O423	10	8	2	L7
O423	10	8	3	S18
O424	8	2	1	H1427	2.49	1.31	630,930,0.49
O424	8	2	2	L8
O424	8	2	3	S7
O425	7	3	1	H342	1.65	2.23	720,1020,0.56
O425	7	3	2	L8
O425	7	3	3	S3
O426	7	10	1	H1812	2.44	2.6	690,990,0.65
O426	7	10	2	L8
O426	7	10	3	S13
O427	4	8	1	H1503	0.23	3.96	600,900,0.59
O427	4	8	2	L12
O427	4	8	3	S8
O428	7	2	1	H1769	1.94	2.13	630,930,0.95
O428	7	2	2	L10
O428	7	2	3	S2
O429	9	10	1	H1442	4.16	3.8	600,900,0.92
O429	9	10	2	L6
O429	9	10	3	S11
O430	9	10	1	H1594	4.88	2.32	780,1080,0.92
O430	9	10	2	L9
O430	9	10	3	S8
O431	7	9	1	H317	2.29	1.06	720,1020,0.8
O431	7	9	2	L10
O431	7	9	3	S7
O432	6	3	1	H1626	4.78	2.87	660,960,0.86
O432	6	3	2	L5
O432	6	3	3	S17
O433	8	2	1	H864	0.55	1.03	630,930,0.55
O433	8	2	2	L12
O433	8	2	3	S5
O434	5	4	1	H539	1.83	3.73	660,960,0.63
O434	5	4	2	L7
O434	5	4	3	S4
O435	10	7	1	H515	2.82	1.75	660,960,0.3
O435	10	7	2	L2
O435	10	7	3	S11
O436	5	1	1	H1082	4.97	3.66	690,990,0.73
O436	5	1	2	L5
O436	5	1	3	S16
O437	8	9	1	H1715	2.94	3.77	660,960,0.57
O437	8	9	2	L2
O437	8	9	3	S15
O438	10	5	1	H1004	2.8	2.85	600,900,0.38
O438	10	5	2	L1
O438	10	5	3	S19
O439	6	9	1	H1229	3.77	2.98	690,990,0.26
O439	6	9	2	L11
O439	6	9	3	S17
O440	5	9	1	H1634	3.93	0.92	660,960,0.94
O440	5	9	2	L3
O440	5	9	3	S4
O441	6	1	1	H701	0.47	3.02	660,960,0.75
O441	6	1	2	L5
O441	6	1	3	S5
O442	4	7	1	H901	2.24	1.21	780,1080,0.44
O442	4	7	2	L10
O442	4	7	3	S10
O443	10	8	1	H1155	2.6	0.98	780,1080,0.36
O443	10	8	2	L9
O443	10	8	3	S17
O444	5	2	1	H1966	1.64	3.12	600,900,0.23
O444	5	2	2	L6
O444	5	2	3	S5
O445	1	9	1	H370	0.96	2.18	600,900,0.74
O445	1	9	2	L7
O445	1	9	3	S16
O446	10	9	1	H228	2.43	2.75	780,1080,0.21
O446	10	9	2	L6
O446	10	9	3	S14
O447	6	4	1	H1227	0.65	0.54	660,960,0.38
O447	6	4	2	L5
O447	6	4	3	S18
O448	4	5	1	H1430	4.28	2.27	720,1020,0.48
O448	4	5	2	L8
O448	4	5	3	S14
O449	2	3	1	H1583	2.41	0.91	600,900,0.8
O449	2	3	2	L7
O449	2	3	3	S13
O450	2	2	1	H1402	3.23	2.17	660,960,0.22
O450	2	2	2	L1
O450	2	2	3	S8
O451	2	1	1	H867	4.46	3.23	630,930,0.45
O451	2	1	2	L7
O451	2	1	3	S3
O452	4	2	1	H1372	0.41	1.03	780,1080,0.61
O452	4	2	2	L9
O452	4	2	3	S12
O453	9	4	1	H514	0.97	0.6	690,990,0.5
O453	9	4	2	L10
O453	9	4	3	S1
O454	5	7	1	H677	3.44	1.35	780,1080,0.31
O454	5	7	2	L3
O454	5	7	3	S17
O455	8	1	1	H1473	2.1	1.79	630,930,0.62
O455	8	1	2	L11
O455	8	1	3	S9
O456	4	1	1	H807	0.33	0.55	720,1020,0.69
O456	4	1	2	L2
O456	4	1	3	S9
O457	7	10	1	H292	3.62	0.78	780,1080,0.72
O457	7	10	2	L11
O457	7	10	3	S8
O458	5	3	1	H1771	4.76	1.82	660,960,0.61
O458	5	3	2	L1
O458	5	3	3	S10
O459	2	2	1	H603	2.44	3.41	780,1080,0.59
O459	2	2	2	L11
O459	2	2	3	S9
O460	9	9	1	H1519	1.59	1.59	690,990,0.83
O460	9	9	2	L5
O460	9	9	3	S15
O461	6	7	1	H636	4.26	1.12	780,1080,0.52
O461	6	7	2	L2
O461	6	7	3	S1
O462	8	6	1	H302	2.8	3.42	780,1080,0.66
O462	8	6	2	L7
O462	8	6	3	S20
O463	2	5	1	H1023	1.57	2.53	690,990,0.77
O463	2	5	2	L11
O463	2	5	3	S10
O464	8	5	1	H1803	3.11	1.52	660,960,0.48
O464	8	5	2	L9
O464	8	5	3	S6
O465	8	10	1	H459	0.74	1.27	630,930,0.36
O465	8	10	2	L10
O465	8	10	3	S14
O466	4	5	1	H676	3.9	0.22	690,990,0.95
O466	4	5	2	L1
O466	4	5	3	S4
O467	10	2	1	H950	4.43	2.43	780,1080,0.85
O467	10	2	2	L7
O467	10	2	3	S3
O468	4	3	1	H1319	2.36	0.06	600,900,0.3
O468	4	3	2	L11
O468	4	3	3	S16
O469	5	8	1	H466	0.77	1.85	720,1020,0.7
O469	5	8	2	L8
O469	5	8	3	S13
O470	2	2	1	H1190	0.03	0.62	600,900,0.32
O470	2	2	2	L2
O470	2	2	3	S9
O471	4	1	1	H1187	3.26	1.07	690,990,0.25
O471	4	1	2	L11
O471	4	1	3	S1
O472	5	3	1	H149	4.19	2.31	630,930,0.27
O472	5	3	2	L4
O472	5	3	3	S11
O473	5	7	1	H172	3.84	1.63	600,900,0.23
O473	5	7	2	L10
O473	5	7	3	S19
O474	10	9	1	H1829	3.68	0.7	630,930,0.83
O474	10	9	2	L2
O474	10	9	3	S1
O475	1	6	1	H1068	4.62	0.58	660,960,0.63
O475	1	6	2	L7
O475	1	6	3	S18
O476	4	5	1	H1958	3.51	3.71	600,900,0.23
O476	4	5	2	L6
O476	4	5	3	S4
O477	10	1	1	H863	4.3	1.16	600,900,0.62
O477	10	1	2	L5
O477	10	1	3	S8
O478	9	7	1	H1365	4.28	2.01	660,960,0.9
O478	9	7	2	L10
O478	9	7	3	S7
O479	2	4	1	H92	2.87	2.67	660,960,0.84
O479	2	4	2	L7
O479	2	4	3	S18
O480	6	2	1	H1356	4.68	2.48	780,1080,0.99
O480	6	2	2	L5
O480	6	2	3	S16
O481	3	1	1	H708	2.4	1.5	780,1080,0.74
O481	3	1	2	L6
O481	3	1	3	S14
O482	2	8	1	H74	3.72	3.88	720,1020,0.68
O482	2	8	2	L2
O482	2	8	3	S6
O483	3	8	1	H1370	0.82	1.88	780,1080,0.32
O483	3	8	2	L12
O483	3	8	3	S8
O484	5	1	1	H366	1.66	1.16	720,1020,0.56
O484	5	1	2	L9
O484	5	1	3	S14
O485	7	4	1	H1426	0.0	1.54	690,990,0.8
O485	7	4	2	L11
O485	7	4	3	S16
O486	10	6	1	H1451	4.54	2.11	600,900,0.24
O486	10	6	2	L6
O486	10	6	3	S14
O487	7	5	1	H73	1.19	0.39	720,1020,0.31
O487	7	5	2	L10
O487	7	5	3	S17
O488	4	6	1	H364	0.58	2.21	630,930,0.57
O488	4	6	2	L10
O488	4	6	3	S20
O489	5	5	1	H832	0.38	0.23	720,1020,0.92
O489	5	5	2	L7
O489	5	5	3	S18
O490	7	1	1	H1386	2.76	0.65	720,1020,0.75
O490	7	1	2	L3
O490	7	1	3	S11
O491	8	3	1	H1469	4.72	0.97	780,1080,0.35
O491	8	3	2	L5
O491	8	3	3	S13
O492	7	2	1	H625	0.93	1.37	690,990,0.49
O492	7	2	2	L2
O492	7	2	3	S7
O493	6	4	1	H748	3.62	2.53	630,930,0.47
O493	6	4	2	L3
O493	6	4	3	S17
O494	9	5	1	H207	3.05	3.83	780,1080,0.24
O494	9	5	2	L6
O494	9	5	3	S11
O495	8	2	1	H1815	0.32	1.13	780,1080,0.39
O495	8	2	2	L10
O495	8	2	3	S4
O496	2	4	1	H1297	5.0	0.0	780,1080,0.45
O496	2	4	2	L11
O496	2	4	3	S3
O497	8	3	1	H350	1.11	0.18	780,1080,0.67
O497	8	3	2	L5
O497	8	3	3	S10
O498	9	6	1	H1764	2.12	0.79	720,1020,0.72
O498	9	6	2	L9
O498	9	6	3	S8
O499	6	9	1	H1736	3.25	0.8	720,1020,0.86
O499	6	9	2	L3
O499	6	9	3	S8
O500	10	1	1	H60	0.91	0.18	630,930,0.24
O500	10	1	2	L5
O500	10	1	3	S7
O501	3	4	1	H352	4.03	3.17	720,1020,0.6
O501	3	4	2	L6
O501	3	4	3	S3
O502	5	8	1	H1376	4.06	0.46	720,1020,0.75
O502	5	8	2	L9
O502	5	8	3	S15
O503	3	4	1	H190	0.13	0.01	600,900,0.74
O503	3	4	2	L12
O503	3	4	3	S16
O504	10	5	1	H1772	2.47	0.14	780,1080,0.37
O504	10	5	2	L9
O504	10	5	3	S10
O505	5	5	1	H794	3.53	0.56	660,960,0.34
O505	5	5	2	L8
O505	5	5	3	S9
O506	10	1	1	H888	1.09	1.22	660,960,0.5
O506	10	1	2	L4
O506	10	1	3	S1
O507	10	9	1	H312	4.31	3.28	600,900,0.27
O507	10	9	2	L7
O507	10	9	3	S5
O508	6	3	1	H506	3.95	2.39	780,1080,0.69
O508	6	3	2	L3
O508	6	3	3	S18
O509	1	9	1	H683	1.47	3.9	690,990,0.57
O509	1	9	2	L5
O509	1	9	3	S7
O510	8	8	1	H796	2.32	0.39	720,1020,0.53
O510	8	8	2	L6
O510	8	8	3	S16
O511	6	4	1	H284	1.23	3.38	720,1020,0.6
O511	6	4	2	L9
O511	6	4	3	S11
O512	4	7	1	H525	1.76	3.45	690,990,0.51
O512	4	7	2	L7
O512	4	7	3	S11
O513	10	3	1	H479	3.02	3.46	780,1080,0.55
O513	10	3	2	L8
O513	10	3	3	S7
O514	10	2	1	H1369	2.0	0.29	630,930,0.22
O514	10	2	2	L7
O514	10	2	3	S9
O515	2	1	1	H1779	2.15	1.11	600,900,0.67
O515	2	1	2	L5
O515	2	1	3	S15
O516	7	4	1	H1338	1.27	0.41	690,990,0.68
O516	7	4	2	L12
O516	7	4	3	S12
O517	6	6	1	H249	3.72	1.18	660,960,0.6
O517	6	6	2	L8
O517	6	6	3	S8
O518	8	8	1	H1018	3.93	2.26	600,900,0.32
O518	8	8	2	L5
O518	8	8	3	S6
O519	1	7	1	H330	1.32	3.51	660,960,0.3
O519	1	7	2	L7
O519	1	7	3	S3
O520	2	1	1	H1408	0.31	1.71	660,960,0.84
O520	2	1	2	L8
O520	2	1	3	S14
O521	6	7	1	H534	1.75	0.86	660,960,0.69
O521	6	7	2	L4
O521	6	7	3	S7
O522	7	8	1	H1457	3.41	0.95	660,960,0.62
O522	7	8	2	L2
O522	7	8	3	S10
O523	8	7	1	H165	1.23	1.78	690,990,0.93
O523	8	7	2	L8
O523	8	7	3	S3
O524	5	2	1	H1124	0.69	1.59	780,1080,0.35
O524	5	2	2	L6
O524	5	2	3	S13
O525	9	5	1	H373	4.2	1.86	630,930,0.64
O525	9	5	2	L7
O525	9	5	3	S4
O526	5	5	1	H712	3.88	1.95	780,1080,0.93
O526	5	5	2	L3
O526	5	5	3	S4
O527	2	3	1	H1713	4.14	1.95	780,1080,0.88
O527	2	3	2	L6
O527	2	3	3	S4
O528	1	8	1	H1071	1.47	3.51	780,1080,0.4
O528	1	8	2	L2
O528	1	8	3	S4
O529	10	2	1	H1276	2.3	3.29	600,900,0.4
O529	10	2	2	L5
O529	10	2	3	S16
O530	7	5	1	H1366	1.52	3.21	780,1080,0.95
O530	7	5	2	L10
O530	7	5	3	S9
O531	5	1	1	H435	0.97	3.25	780,1080,0.25
O531	5	1	2	L3
O531	5	1	3	S18
O532	1	1	1	H113	3.39	3.69	780,1080,0.21
O532	1	1	2	L9
O532	1	1	3	S17
O533	2	5	1	H674	3.47	2.31	690,990,0.92
O533	2	5	2	L9
O533	2	5	3	S5
O534	1	6	1	H916	3.14	0.19	720,1020,0.8
O534	1	6	2	L8
O534	1	6	3	S17
O535	1	3	1	H455	3.12	3.29	690,990,0.42
O535	1	3	2	L10
O535	1	3	3	S12
O536	3	1	1	H244	2.3	0.8	630,930,0.75
O536	3	1	2	L10
O536	3	1	3	S4
O537	1	9	1	H674	3.47	2.31	690,990,0.92
O537	1	9	2	L6
O537	1	9	3	S3
O538	7	7	1	H1354	3.99	0.94	780,1080,0.23
O538	7	7	2	L4
O538	7	7	3	S5
O539	8	6	1	H347	0.56	2.74	600,900,0.39
O539	8	6	2	L10
O539	8	6	3	S12
O540	1	1	1	H126	1.87	0.71	780,1080,0.29
O540	1	1	2	L10
O540	1	1	3	S20
O541	3	1	1	H1513	4.76	3.73	600,900,0.31
O541	3	1	2	L6
O541	3	1	3	S11
O542	6	1	1	H10	2.29	3.81	660,960,0.51
O542	6	1	2	L12
O542	6	1	3	S17
O543	1	8	1	H774	3.93	1.62	660,960,0.33
O543	1	8	2	L11
O543	1	8	3	S17
O544	2	5	1	H810	3.45	0.6	600,900,0.82
O544	2	5	2	L12
O544	2	5	3	S3
O545	8	9	1	H734	0.08	0.29	720,1020,0.46
O545	8	9	2	L6
O545	8	9	3	S20
O546	2	9	1	H1933	2.69	0.5	600,900,0.39
O546	2	9	2	L7
O546	2	9	3	S20
O547	3	1	1	H293	4.54	1.63	720,1020,0.44
O547	3	1	2	L8
O547	3	1	3	S8
O548	5	6	1	H482	3.57	1.16	630,930,0.77
O548	5	6	2	L2
O548	5	6	3	S2
O549	10	4	1	H1983	4.88	0.63	780,1080,0.77
O549	10	4	2	L7
O549	10	4	3	S17
O550	2	7	1	H468	2.51	2.84	660,960,0.29
O550	2	7	2	L1
O550	2	7	3	S19
O551	10	1	1	H695	3.9	1.08	690,990,0.36
O551	10	1	2	L2
O551	10	1	3	S9
O552	2	10	1	H1037	0.22	2.03	780,1080,0.48
O552	2	10	2	L10
O552	2	10	3	S19
O553	7	3	1	H53	3.06	1.35	780,1080,0.63
O553	7	3	2	L3
O553	7	3	3	S5
O554	10	6	1	H931	4.5	0.91	690,990,0.86
O554	10	6	2	L11
O554	10	6	3	S20
O555	6	3	1	H282	3.45	0.81	720,1020,0.29
O555	6	3	2	L9
O555	6	3	3	S17
O556	5	2	1	H662	0.99	1.23	630,930,0.36
O556	5	2	2	L8
O556	5	2	3	S15
O557	6	8	1	H212	3.84	0.97	630,930,0.87
O557	6	8	2	L9
O557	6	8	3	S6
O558	8	1	1	H1908	2.4	0.99	630,930,0.84
O558	8	1	2	L4
O558	8	1	3	S17
O559	9	5	1	H478	1.21	2.61	690,990,0.43
O559	9	5	2	L4
O559	9	5	3	S2
O560	4	3	1	H338	2.76	3.02	780,1080,0.67
O560	4	3	2	L11
O560	4	3	3	S13
O561	8	3	1	H348	2.28	0.92	600,900,0.8
O561	8	3	2	L6
O561	8	3	3	S19
O562	10	5	1	H1058	4.75	0.25	630,930,0.46
O562	10	5	2	L7
O562	10	5	3	S16
O563	9	10	1	H289	2.73	0.85	660,960,0.94
O563	9	10	2	L2
O563	9	10	3	S13
O564	10	1	1	H1013	1.72	0.04	690,990,0.95
O564	10	1	2	L2
O564	10	1	3	S11
O565	8	3	1	H988	3.56	2.48	660,960,0.59
O565	8	3	2	L1
O565	8	3	3	S5
O566	6	2	1	H943	0.45	2.84	660,960,0.48
O566	6	2	2	L12
O566	6	2	3	S20
O567	10	6	1	H1898	0.49	1.97	660,960,0.29
O567	10	6	2	L3
O567	10	6	3	S15
O568	8	1	1	H1776	0.88	3.47	690,990,0.55
O568	8	1	2	L10
O568	8	1	3	S8
O569	5	7	1	H173	1.09	0.81	660,960,0.81
O569	5	7	2	L8
O569	5	7	3	S20
O570	8	3	1	H1558	1.16	0.77	660,960,0.84
O570	8	3	2	L1
O570	8	3	3	S6
O571	1	4	1	H393	2.43	0.01	720,1020,0.32
O571	1	4	2	L1
O571	1	4	3	S6
O572	6	2	1	H1024	3.34	2.36	690,990,0.51
O572	6	2	2	L9
O572	6	2	3	S2
O573	8	2	1	H394	3.93	2.69	600,900,0.23
O573	8	2	2	L8
O573	8	2	3	S16
O574	7	9	1	H231	4.49	1.61	690,990,0.44
O574	7	9	2	L4
O574	7	9	3	S11
O575	6	10	1	H1269	3.93	3.55	600,900,0.58
O575	6	10	2	L7
O575	6	10	3	S9
O576	3	1	1	H1114	1.47	2.2	630,930,0.34
O576	3	1	2	L2
O576	3	1	3	S13
O577	4	7	1	H619	4.26	3.98	600,900,0.26
O577	4	7	2	L2
O577	4	7	3	S9
O578	6	1	1	H1994	1.64	3.48	690,990,0.83
O578	6	1	2	L4
O578	6	1	3	S2
O579	3	6	1	H1527	0.98	0.07	630,930,0.59
O579	3	6	2	L3
O579	3	6	3	S6
O580	6	10	1	H129	3.89	3.09	780,1080,0.75
O580	6	10	2	L8
O580	6	10	3	S14
O581	9	7	1	H703	1.84	0.64	630,930,0.99
O581	9	7	2	L12
O581	9	7	3	S10
O582	9	1	1	H1389	0.3	3.02	690,990,0.69
O582	9	1	2	L12
O582	9	1	3	S19
O583	2	9	1	H147	4.06	1.4	600,900,0.34
O583	2	9	2	L9
O583	2	9	3	S7
O584	2	7	1	H927	0.94	1.64	780,1080,0.31
O584	2	7	2	L9
O584	2	7	3	S7
O585	3	9	1	H255	4.2	3.63	660,960,0.22
O585	3	9	2	L6
O585	3	9	3	S7
O586	3	2	1	H583	3.35	1.32	630,930,0.78
O586	3	2	2	L2
O586	3	2	3	S19
O587	6	7	1	H1078	3.99	2.81	660,960,0.83
O587	6	7	2	L3
O587	6	7	3	S10
O588	10	7	1	H129	3.89	3.09	780,1080,0.75
O588	10	7	2	L4
O588	10	7	3	S4
O589	5	5	1	H1408	0.31	1.71	660,960,0.84
O589	5	5	2	L3
O589	5	5	3	S10
O590	4	4	1	H1602	1.25	2.93	720,1020,0.31
O590	4	4	2	L12
O590	4	4	3	S1
O591	5	6	1	H856	1.05	3.51	600,900,0.59
O591	5	6	2	L11
O591	5	6	3	S18
O592	7	8	1	H212	3.84	0.97	630,930,0.87
O592	7	8	2	L12
O592	7	8	3	S1
O593	7	3	1	H1576	4.42	2.0	630,930,0.37
O593	7	3	2	L10
O593	7	3	3	S4
O594	10	4	1	H1	1.95	0.03	660,960,0.48
O594	10	4	2	L2
O594	10	4	3	S11
O595	3	6	1	H1341	1.92	2.21	660,960,0.75
O595	3	6	2	L4
O595	3	6	3	S9
O596	7	3	1	H9	2.59	0.21	600,900,0.99
O596	7	3	2	L9
O596	7	3	3	S11
O597	10	4	1	H672	2.97	0.48	780,1080,0.47
O597	10	4	2	L10
O597	10	4	3	S18
O598	8	3	1	H695	3.9	1.08	690,990,0.36
O598	8	3	2	L5
O598	8	3	3	S6
O599	1	5	1	H272	3.9	2.64	720,1020,0.58
O599	1	5	2	L11
O599	1	5	3	S16
O600	6	3	1	H1879	0.7	0.01	720,1020,0.51
O600	6	3	2	L1
O600	6	3	3	S5
O601	2	3	1	H20	2.7	3.31	630,930,0.74
O601	2	3	2	L6
O601	2	3	3	S18
O602	6	7	1	H1257	3.16	2.21	690,990,0.81
O602	6	7	2	L11
O602	6	7	3	S18
O603	1	8	1	H633	3.51	0.41	780,1080,0.36
O603	1	8	2	L10
O603	1	8	3	S1
O604	10	9	1	H156	4.95	1.33	660,960,0.79
O604	10	9	2	L8
O604	10	9	3	S7
O605	6	1	1	H677	3.44	1.35	780,1080,0.31
O605	6	1	2	L9
O605	6	1	3	S10
O606	5	6	1	H1964	4.19	1.98	660,960,0.66
O606	5	6	2	L11
O606	5	6	3	S13
O607	10	10	1	H515	2.82	1.75	660,960,0.3
O607	10	10	2	L5
O607	10	10	3	S3
O608	5	4	1	H1314	2.27	3.91	600,900,0.22
O608	5	4	2	L10
O608	5	4	3	S11
O609	7	5	1	H164	3.51	1.44	660,960,0.56
O609	7	5	2	L2
O609	7	5	3	S7
O610	7	8	1	H1528	0.93	1.11	720,1020,0.41
O610	7	8	2	L5
O610	7	8	3	S7
O611	5	2	1	H710	0.34	3.32	660,960,0.48
O611	5	2	2	L2
O611	5	2	3	S7
O612	6	7	1	H1581	4.03	2.65	690,990,0.33
O612	6	7	2	L10
O612	6	7	3	S18
O613	4	9	1	H829	3.1	0.53	690,990,0.3
O613	4	9	2	L10
O613	4	9	3	S13
O614	6	8	1	H1858	0.74	2.89	780,1080,0.21
O614	6	8	2	L3
O614	6	8	3	S12
O615	1	3	1	H1294	0.06	3.89	720,1020,0.41
O615	1	3	2	L12
O615	1	3	3	S3
O616	2	6	1	H354	2.39	1.56	720,1020,0.21
O616	2	6	2	L7
O616	2	6	3	S7
O617	8	8	1	H1680	3.68	2.19	720,1020,0.33
O617	8	8	2	L11
O617	8	8	3	S11
O618	1	8	1	H886	0.32	2.61	780,1080,0.71
O618	1	8	2	L8
O618	1	8	3	S2
O619	1	8	1	H1583	2.41	0.91	600,900,0.8
O619	1	8	2	L7
O619	1	8	3	S3
O620	1	7	1	H1714	0.7	1.76	690,990,0.63
O620	1	7	2	L4
O620	1	7	3	S17
O621	7	8	1	H1798	1.6	1.35	720,1020,0.23
O621	7	8	2	L8
O621	7	8	3	S20
O622	10	3	1	H1818	0.06	0.9	660,960,0.24
O622	10	3	2	L7
O622	10	3	3	S16
O623	8	1	1	H1998	0.03	1.74	600,900,0.62
O623	8	1	2	L2
O623	8	1	3	S8
O624	1	4	1	H1994	1.64	3.48	690,990,0.83
O624	1	4	2	L11
O624	1	4	3	S7
O625	9	4	1	H1906	0.74	1.67	690,990,0.47
O625	9	4	2	L3
O625	9	4	3	S7
O626	4	5	1	H551	1.33	2.58	660,960,0.4
O626	4	5	2	L3
O626	4	5	3	S7
O627	6	3	1	H1193	3.44	1.53	600,900,0.68
O627	6	3	2	L10
O627	6	3	3	S6
O628	8	4	1	H1854	3.04	2.13	600,900,0.84
O628	8	4	2	L12
O628	8	4	3	S18
O629	5	6	1	H1155	2.6	0.98	780,1080,0.36
O629	5	6	2	L4
O629	5	6	3	S3
O630	1	10	1	H1492	1.24	0.72	780,1080,0.24
O630	1	10	2	L4
O630	1	10	3	S7
O631	10	6	1	H251	3.47	3.57	630,930,0.4
O631	10	6	2	L8
O631	10	6	3	S17
O632	6	10	1	H1784	3.23	2.77	630,930,0.32
O632	6	10	2	L1
O632	6	10	3	S5
O633	10	4	1	H460	3.86	3.5	780,1080,0.71
O633	10	4	2	L7
O633	10	4	3	S19
O634	3	9	1	H684	4.56	1.29	600,900,0.8
O634	3	9	2	L4
O634	3	9	3	S2
O635	8	7	1	H1932	4.09	2.86	660,960,0.7
O635	8	7	2	L7
O635	8	7	3	S2
O636	5	5	1	H125	4.43	1.06	780,1080,0.39
O636	5	5	2	L1
O636	5	5	3	S14
O637	5	7	1	H226	0.43	1.95	630,930,0.27
O637	5	7	2	L10
O637	5	7	3	S6
O638	7	8	1	H1106	3.45	0.08	780,1080,0.66
O638	7	8	2	L12
O638	7	8	3	S1
O639	8	2	1	H1827	2.28	3.21	600,900,0.6
O639	8	2	2	L3
O639	8	2	3	S6
O640	10	3	1	H1774	3.56	0.43	720,1020,0.65
O640	10	3	2	L6
O640	10	3	3	S14
O641	10	5	1	H39	0.27	3.45	720,1020,0.35
O641	10	5	2	L3
O641	10	5	3	S4
O642	6	1	1	H1585	1.23	2.82	720,1020,0.25
O642	6	1	2	L5
O642	6	1	3	S1
O643	9	2	1	H83	4.59	3.24	630,930,0.63
O643	9	2	2	L6
O643	9	2	3	S2
O644	7	5	1	H704	3.12	0.73	720,1020,0.48
O644	7	5	2	L2
O644	7	5	3	S3
O645	9	5	1	H558	4.0	1.67	690,990,0.37
O645	9	5	2	L1
O645	9	5	3	S6
O646	3	8	1	H292	3.62	0.78	780,1080,0.72
O646	3	8	2	L7
O646	3	8	3	S12
O647	6	4	1	H1333	2.83	2.95	630,930,0.36
O647	6	4	2	L10
O647	6	4	3	S13
O648	10	9	1	H742	4.89	0.46	600,900,0.52
O648	10	9	2	L2
O648	10	9	3	S18
O649	8	6	1	H1903	2.25	1.75	780,1080,0.73
O649	8	6	2	L2
O649	8	6	3	S5
O650	2	3	1	H432	4.86	3.32	780,1080,0.89
O650	2	3	2	L5
O650	2	3	3	S16
O651	6	4	1	H1871	0.11	0.36	690,990,0.37
O651	6	4	2	L6
O651	6	4	3	S10
O652	7	5	1	H1189	4.9	1.37	600,900,0.58
O652	7	5	2	L6
O652	7	5	3	S8
O653	8	5	1	H56	1.37	3.64	600,900,0.51
O653	8	5	2	L1
O653	8	5	3	S12
O654	4	3	1	H678	1.07	2.96	780,1080,0.81
O654	4	3	2	L12
O654	4	3	3	S10
O655	5	3	1	H1603	0.58	0.97	720,1020,0.93
O655	5	3	2	L12
O655	5	3	3	S4
O656	10	1	1	H1016	0.53	3.1	660,960,0.81
O656	10	1	2	L6
O656	10	1	3	S17
O657	9	8	1	H1002	2.16	3.93	660,960,0.75
O657	9	8	2	L7
O657	9	8	3	S12
O658	3	1	1	H1	1.95	0.03	660,960,0.48
O658	3	1	2	L5
O658	3	1	3	S10
O659	10	1	1	H1737	1.02	3.32	780,1080,0.99
O659	10	1	2	L1
O659	10	1	3	S10
O660	6	9	1	H307	3.26	1.43	630,930,0.31
O660	6	9	2	L8
O660	6	9	3	S4
O661	8	2	1	H313	1.2	1.02	630,930,0.39
O661	8	2	2	L9
O661	8	2	3	S18
O662	3	2	1	H703	1.84	0.64	630,930,0.99
O662	3	2	2	L7
O662	3	2	3	S5
O663	4	9	1	H1258	2.82	2.44	780,1080,0.24
O663	4	9	2	L1
O663	4	9	3	S3
O664	4	5	1	H1739	4.89	0.2	600,900,0.25
O664	4	5	2	L4
O664	4	5	3	S2
O665	2	5	1	H1742	2.07	2.56	690,990,0.99
O665	2	5	2	L6
O665	2	5	3	S2
O666	1	1	1	H173	1.09	0.81	660,960,0.81
O666	1	1	2	L9
O666	1	1	3	S1
O667	3	10	1	H1667	1.72	0.8	660,960,0.95
O667	3	10	2	L8
O667	3	10	3	S5
O668	6	1	1	H206	4.37	1.66	600,900,0.69
O668	6	1	2	L6
O668	6	1	3	S7
O669	1	5	1	H75	0.37	2.66	780,1080,0.39
O669	1	5	2	L1
O669	1	5	3	S11
O670	6	8	1	H1363	4.1	3.89	690,990,0.65
O670	6	8	2	L8
O670	6	8	3	S2
O671	5	3	1	H91	0.19	1.98	780,1080,0.99
O671	5	3	2	L1
O671	5	3	3	S18
O672	10	9	1	H1407	2.6	0.65	600,900,0.29
O672	10	9	2	L2
O672	10	9	3	S15
O673	2	4	1	H573	2.83	2.11	600,900,0.78
O673	2	4	2	L7
O673	2	4	3	S20
O674	1	6	1	H914	0.11	2.86	720,1020,0.49
O674	1	6	2	L10
O674	1	6	3	S17
O675	6	8	1	H1000	2.42	2.47	630,930,0.64
O675	6	8	2	L3
O675	6	8	3	S20
O676	10	9	1	H79	4.8	3.67	720,1020,0.5
O676	10	9	2	L5
O676	10	9	3	S15
O677	2	6	1	H1007	3.43	1.16	720,1020,0.74
O677	2	6	2	L11
O677	2	6	3	S17
O678	3	4	1	H769	4.8	3.11	630,930,0.57
O678	3	4	2	L7
O678	3	4	3	S4
O679	6	2	1	H1394	2.4	3.37	690,990,0.95
O679	6	2	2	L6
O679	6	2	3	S6
O680	2	7	1	H974	4.85	1.14	780,1080,0.54
O680	2	7	2	L2
O680	2	7	3	S16
O681	8	1	1	H1853	4.99	0.56	720,1020,0.5
O681	8	1	2	L2
O681	8	1	3	S15
O682	8	1	1	H1175	2.94	3.93	600,900,0.82
O682	8	1	2	L4
O682	8	1	3	S3
O683	9	2	1	H1629	2.48	2.06	630,930,0.34
O683	9	2	2	L4
O683	9	2	3	S19
O684	2	1	1	H316	4.69	2.42	630,930,0.37
O684	2	1	2	L12
O684	2	1	3	S14
O685	9	8	1	H325	1.51	3.62	720,1020,0.42
O685	9	8	2	L8
O685	9	8	3	S6
O686	2	7	1	H1647	3.13	2.0	720,1020,0.37
O686	2	7	2	L6
O686	2	7	3	S16
O687	8	3	1	H857	2.4	2.07	720,1020,0.86
O687	8	3	2	L5
O687	8	3	3	S16
O688	9	2	1	H670	3.2	1.84	600,900,0.87
O688	9	2	2	L10
O688	9	2	3	S13
O689	1	2	1	H1796	1.36	3.08	600,900,0.2
O689	1	2	2	L11
O689	1	2	3	S11
O690	1	5	1	H1343	0.46	2.73	630,930,0.28
O690	1	5	2	L1
O690	1	5	3	S16
O691	6	5	1	H894	3.05	0.36	660,960,0.69
O691	6	5	2	L9
O691	6	5	3	S16
O692	6	9	1	H1936	4.43	0.11	600,900,0.9
O692	6	9	2	L5
O692	6	9	3	S13
O693	6	3	1	H708	2.4	1.5	780,1080,0.74
O693	6	3	2	L10
O693	6	3	3	S20
O694	10	10	1	H779	3.28	1.52	600,900,0.93
O694	10	10	2	L1
O694	10	10	3	S19
O695	8	3	1	H1611	0.46	3.37	600,900,0.81
O695	8	3	2	L7
O695	8	3	3	S9
O696	4	10	1	H1033	1.93	2.45	630,930,0.25
O696	4	10	2	L2
O696	4	10	3	S3
O697	9	5	1	H960	0.76	3.62	630,930,0.25
O697	9	5	2	L2
O697	9	5	3	S17
O698	3	10	1	H485	1.62	0.17	720,1020,0.67
O698	3	10	2	L8
O698	3	10	3	S19
O699	1	1	1	H684	4.56	1.29	600,900,0.8
O699	1	1	2	L5
O699	1	1	3	S16
O700	7	5	1	H580	0.72	0.87	600,900,0.41
O700	7	5	2	L12
O700	7	5	3	S15
O701	10	7	1	H198	0.26	0.58	630,930,0.83
O701	10	7	2	L12
O701	10	7	3	S5
O702	3	7	1	H856	1.05	3.51	600,900,0.59
O702	3	7	2	L8
O702	3	7	3	S4
O703	10	9	1	H164	3.51	1.44	660,960,0.56
O703	10	9	2	L3
O703	10	9	3	S14
O704	2	10	1	H1156	1.41	1.78	780,1080,0.59
O704	2	10	2	L9
O704	2	10	3	S17
O705	1	9	1	H1067	2.61	0.91	660,960,0.84
O705	1	9	2	L6
O705	1	9	3	S13
O706	10	6	1	H1000	2.42	2.47	630,930,0.64
O706	10	6	2	L6
O706	10	6	3	S12
O707	4	7	1	H970	1.56	3.92	780,1080,0.5
O707	4	7	2	L9
O707	4	7	3	S12
O708	5	4	1	H54	4.63	0.46	780,1080,0.88
O708	5	4	2	L10
O708	5	4	3	S16
O709	4	3	1	H1349	1.87	3.98	600,900,0.45
O709	4	3	2	L2
O709	4	3	3	S9
O710	2	4	1	H550	1.38	2.77	630,930,0.86
O710	2	4	2	L11
O710	2	4	3	S5
O711	5	9	1	H1780	0.26	1.73	720,1020,0.25
O711	5	9	2	L1
O711	5	9	3	S18
O712	9	9	1	H1162	1.02	2.3	780,1080,0.36
O712	9	9	2	L12
O712	9	9	3	S12
O713	4	2	1	H1601	3.83	1.88	720,1020,0.97
O713	4	2	2	L2
O713	4	2	3	S7
O714	9	2	1	H1369	2.0	0.29	630,930,0.22
O714	9	2	2	L3
O714	9	2	3	S2
O715	2	2	1	H1941	0.02	2.74	720,1020,0.9
O715	2	2	2	L5
O715	2	2	3	S11
O716	4	5	1	H1012	0.17	3.59	690,990,0.54
O716	4	5	2	L8
O716	4	5	3	S19
O717	5	10	1	H751	0.31	0.23	780,1080,0.43
O717	5	10	2	L12
O717	5	10	3	S5
O718	10	1	1	H66	3.88	3.44	660,960,0.58
O718	10	1	2	L5
O718	10	1	3	S1
O719	9	4	1	H397	3.7	2.35	780,1080,0.27
O719	9	4	2	L10
O719	9	4	3	S1
O720	10	1	1	H1229	3.77	2.98	690,990,0.26
O720	10	1	2	L1
O720	10	1	3	S4
O721	5	10	1	H1371	2.42	1.36	660,960,0.33
O721	5	10	2	L4
O721	5	10	3	S1
O722	10	10	1	H180	4.63	1.62	720,1020,0.9
O722	10	10	2	L9
O722	10	10	3	S18
O723	3	2	1	H1371	2.42	1.36	660,960,0.33
O723	3	2	2	L2
O723	3	2	3	S19
O724	7	6	1	H968	2.56	3.23	690,990,0.67
O724	7	6	2	L7
O724	7	6	3	S19
O725	6	2	1	H1612	0.49	3.67	690,990,0.5
O725	6	2	2	L8
O725	6	2	3	S12
O726	2	5	1	H1075	0.4	3.41	630,930,0.32
O726	2	5	2	L12
O726	2	5	3	S3
O727	2	8	1	H1749	3.94	3.2	690,990,0.55
O727	2	8	2	L11
O727	2	8	3	S5
O728	3	5	1	H1054	4.36	1.98	630,930,0.97
O728	3	5	2	L3
O728	3	5	3	S3
O729	2	4	1	H1453	4.29	1.73	690,990,0.58
O729	2	4	2	L10
O729	2	4	3	S6
O730	9	3	1	H564	1.45	1.5	660,960,0.26
O730	9	3	2	L6
O730	9	3	3	S19
O731	8	10	1	H1851	4.47	2.39	780,1080,0.21
O731	8	10	2	L11
O731	8	10	3	S9
O732	2	6	1	H831	2.12	1.94	690,990,0.47
O732	2	6	2	L2
O732	2	6	3	S14
O733	9	7	1	H990	0.65	3.4	600,900,0.32
O733	9	7	2	L4
O733	9	7	3	S18
O734	8	3	1	H462	1.24	0.78	720,1020,0.56
O734	8	3	2	L6
O734	8	3	3	S4
O735	3	9	1	H1551	3.33	0.57	600,900,0.3
O735	3	9	2	L9
O735	3	9	3	S13
O736	3	1	1	H98	1.34	0.07	780,1080,0.97
O736	3	1	2	L2
O736	3	1	3	S17
O737	9	10	1	H1927	2.27	0.7	720,1020,0.52
O737	9	10	2	L7
O737	9	10	3	S5
O738	6	7	1	H1792	4.2	2.73	690,990,0.62
O738	6	7	2	L1
O738	6	7	3	S12
O739	3	5	1	H1295	4.95	2.55	630,930,0.93
O739	3	5	2	L1
O739	3	5	3	S18
O740	7	2	1	H1079	4.16	1.77	780,1080,0.71
O740	7	2	2	L5
O740	7	2	3	S5
O741	10	7	1	H242	1.08	2.89	600,900,0.91
O741	10	7	2	L10
O741	10	7	3	S11
O742	7	5	1	H934	1.89	2.81	780,1080,0.83
O742	7	5	2	L1
O742	7	5	3	S18
O743	1	3	1	H411	4.2	2.63	600,900,0.36
O743	1	3	2	L5
O743	1	3	3	S11
O744	5	9	1	H1155	2.6	0.98	780,1080,0.36
O744	5	9	2	L8
O744	5	9	3	S2
O745	3	2	1	H1532	2.63	3.68	690,990,0.99
O745	3	2	2	L3
O745	3	2	3	S14
O746	10	5	1	H929	4.75	1.5	630,930,0.94
O746	10	5	2	L10
O746	10	5	3	S20
O747	3	9	1	H43	1.03	2.2	600,900,0.91
O747	3	9	2	L9
O747	3	9	3	S6
O748	1	5	1	H1477	4.5	2.44	780,1080,0.89
O748	1	5	2	L3
O748	1	5	3	S10
O749	4	1	1	H1208	4.99	3.28	780,1080,0.65
O749	4	1	2	L10
O749	4	1	3	S2
O750	3	7	1	H995	1.97	2.9	780,1080,0.61
O750	3	7	2	L2
O750	3	7	3	S19
O751	3	4	1	H1130	4.74	2.98	630,930,0.81
O751	3	4	2	L10
O751	3	4	3	S10
O752	4	4	1	H354	2.39	1.56	720,1020,0.21
O752	4	4	2	L10
O752	4	4	3	S11
O753	2	10	1	H337	4.44	0.0	600,900,0.29
O753	2	10	2	L10
O753	2	10	3	S14
O754	2	9	1	H577	0.32	1.82	660,960,0.74
O754	2	9	2	L4
O754	2	9	3	S13
O755	3	7	1	H925	4.78	0.66	780,1080,0.51
O755	3	7	2	L7
O755	3	7	3	S12
O756	7	5	1	H656	4.72	1.17	690,990,0.94
O756	7	5	2	L4
O756	7	5	3	S7
O757	5	10	1	H160	3.35	3.34	690,990,0.58
O757	5	10	2	L12
O757	5	10	3	S3
O758	1	10	1	H1769	1.94	2.13	630,930,0.95
O758	1	10	2	L1
O758	1	10	3	S10
O759	8	3	1	H40	4.8	2.27	690,990,0.86
O759	8	3	2	L2
O759	8	3	3	S4
O760	3	4	1	H1090	4.55	1.43	630,930,1.0
O760	3	4	2	L3
O760	3	4	3	S9
O761	2	10	1	H1688	4.81	1.56	690,990,0.64
O761	2	10	2	L5
O761	2	10	3	S11
O762	2	6	1	H684	4.56	1.29	600,900,0.8
O762	2	6	2	L10
O762	2	6	3	S13
O763	1	6	1	H1449	2.98	3.85	780,1080,0.74
O763	1	6	2	L1
O763	1	6	3	S3
O764	9	2	1	H1014	4.43	3.81	720,1020,0.48
O764	9	2	2	L1
O764	9	2	3	S17
O765	10	6	1	H1050	2.57	2.37	720,1020,0.35
O765	10	6	2	L5
O765	10	6	3	S5
O766	2	3	1	H487	2.71	0.22	720,1020,0.43
O766	2	3	2	L6
O766	2	3	3	S1
O767	3	5	1	H1279	4.72	1.85	720,1020,0.44
O767	3	5	2	L11
O767	3	5	3	S13
O768	8	6	1	H1770	3.04	0.87	780,1080,0.22
O768	8	6	2	L1
O768	8	6	3	S9
O769	4	1	1	H497	2.65	1.41	780,1080,0.23
O769	4	1	2	L2
O769	4	1	3	S19
O770	2	10	1	H357	1.2	3.03	630,930,0.31
O770	2	10	2	L3
O770	2	10	3	S2
O771	3	9	1	H618	1.54	0.25	600,900,0.73
O771	3	9	2	L7
O771	3	9	3	S17
O772	5	8	1	H1417	1.54	2.08	690,990,0.64
O772	5	8	2	L11
O772	5	8	3	S15
O773	9	9	1	H794	3.53	0.56	660,960,0.34
O773	9	9	2	L1
O773	9	9	3	S1
O774	9	9	1	H1436	0.17	3.39	720,1020,0.54
O774	9	9	2	L2
O774	9	9	3	S10
O775	6	3	1	H525	1.76	3.45	690,990,0.51
O775	6	3	2	L11
O775	6	3	3	S19
O776	1	6	1	H1700	3.55	0.64	630,930,0.45
O776	1	6	2	L1
O776	1	6	3	S8
O777	8	10	1	H1798	1.6	1.35	720,1020,0.23
O777	8	10	2	L9
O777	8	10	3	S19
O778	4	10	1	H1621	2.79	0.28	780,1080,0.8
O778	4	10	2	L6
O778	4	10	3	S4
O779	5	10	1	H1727	0.85	1.66	660,960,0.69
O779	5	10	2	L5
O779	5	10	3	S4
O780	9	3	1	H1933	2.69	0.5	600,900,0.39
O780	9	3	2	L9
O780	9	3	3	S18
O781	4	7	1	H43	1.03	2.2	600,900,0.91
O781	4	7	2	L9
O781	4	7	3	S4
O782	7	1	1	H696	1.36	1.26	630,930,0.88
O782	7	1	2	L10
O782	7	1	3	S13
O783	6	9	1	H502	2.64	3.52	690,990,0.66
O783	6	9	2	L8
O783	6	9	3	S2
O784	3	7	1	H971	2.39	3.79	630,930,0.65
O784	3	7	2	L6
O784	3	7	3	S4
O785	8	7	1	H1148	2.34	0.52	630,930,0.82
O785	8	7	2	L5
O785	8	7	3	S3
O786	4	5	1	H1659	1.69	2.35	690,990,0.98
O786	4	5	2	L3
O786	4	5	3	S20
O787	9	1	1	H948	1.23	0.14	690,990,0.64
O787	9	1	2	L12
O787	9	1	3	S2
O788	4	6	1	H686	4.67	3.14	720,1020,0.24
O788	4	6	2	L11
O788	4	6	3	S14
O789	9	6	1	H881	3.76	1.84	660,960,0.78
O789	9	6	2	L7
O789	9	6	3	S15
O790	2	10	1	H1261	2.38	4.0	600,900,0.34
O790	2	10	2	L7
O790	2	10	3	S12
O791	9	6	1	H1692	4.57	2.88	720,1020,0.75
O791	9	6	2	L11
O791	9	6	3	S5
O792	5	8	1	H605	0.72	0.29	780,1080,0.35
O792	5	8	2	L4
O792	5	8	3	S4
O793	4	1	1	H1804	2.49	3.27	660,960,0.29
O793	4	1	2	L2
O793	4	1	3	S1
O794	3	4	1	H477	0.45	0.11	690,990,0.27
O794	3	4	2	L3
O794	3	4	3	S2
O795	7	7	1	H1000	2.42	2.47	630,930,0.64
O795	7	7	2	L2
O795	7	7	3	S13
O796	5	3	1	H1211	4.37	3.96	690,990,0.49
O796	5	3	2	L2
O796	5	3	3	S4
O797	4	3	1	H1433	2.42	3.24	780,1080,0.62
O797	4	3	2	L2
O797	4	3	3	S17
O798	4	10	1	H508	2.02	1.65	780,1080,0.96
O798	4	10	2	L10
O798	4	10	3	S5
O799	2	3	1	H1406	0.91	1.95	660,960,0.23
O799	2	3	2	L11
O799	2	3	3	S15
O800	3	7	1	H1871	0.11	0.36	690,990,0.37
O800	3	7	2	L10
O800	3	7	3	S18
O801	5	5	1	H1739	4.89	0.2	600,900,0.25
O801	5	5	2	L2
O801	5	5	3	S9
O802	5	10	1	H545	4.36	2.61	780,1080,0.37
O802	5	10	2	L4
O802	5	10	3	S1
O803	5	6	1	H1970	1.26	2.41	600,900,0.54
O803	5	6	2	L9
O803	5	6	3	S3
O804	6	1	1	H825	1.33	2.45	600,900,0.98
O804	6	1	2	L6
O804	6	1	3	S15
O805	9	7	1	H759	1.58	3.17	780,1080,0.97
O805	9	7	2	L7
O805	9	7	3	S12
O806	4	10	1	H645	1.01	1.58	780,1080,0.48
O806	4	10	2	L3
O806	4	10	3	S14
O807	2	5	1	H1656	1.85	0.19	720,1020,0.55
O807	2	5	2	L12
O807	2	5	3	S17
O808	10	7	1	H1422	4.62	0.87	690,990,0.2
O808	10	7	2	L6
O808	10	7	3	S16
O809	3	5	1	H1045	4.35	1.88	600,900,0.97
O809	3	5	2	L9
O809	3	5	3	S17
O810	8	5	1	H1012	0.17	3.59	690,990,0.54
O810	8	5	2	L6
O810	8	5	3	S15
O811	8	1	1	H1173	3.11	0.01	690,990,0.44
O811	8	1	2	L12
O811	8	1	3	S7
O812	1	7	1	H106	4.53	3.14	630,930,0.84
O812	1	7	2	L1
O812	1	7	3	S5
O813	2	4	1	H353	3.66	0.96	780,1080,0.35
O813	2	4	2	L10
O813	2	4	3	S13
O814	5	5	1	H1581	4.03	2.65	690,990,0.33
O814	5	5	2	L1
O814	5	5	3	S7
O815	4	8	1	H1047	4.78	1.77	630,930,0.98
O815	4	8	2	L6
O815	4	8	3	S7
O816	9	4	1	H916	3.14	0.19	720,1020,0.8
O816	9	4	2	L7
O816	9	4	3	S9
O817	9	6	1	H1367	2.98	0.78	690,990,0.39
O817	9	6	2	L1
O817	9	6	3	S5
O818	9	7	1	H593	2.78	1.5	600,900,0.53
O818	9	7	2	L7
O818	9	7	3	S19
O819	5	8	1	H934	1.89	2.81	780,1080,0.83
O819	5	8	2	L2
O819	5	8	3	S16
O820	9	7	1	H1553	1.21	1.67	630,930,0.34
O820	9	7	2	L6
O820	9	7	3	S9
O821	8	3	1	H735	1.06	1.89	720,1020,0.66
O821	8	3	2	L12
O821	8	3	3	S13
O822	3	3	1	H1364	3.44	3.38	780,1080,0.22
O822	3	3	2	L2
O822	3	3	3	S13
O823	7	9	1	H1352	2.61	3.02	690,990,0.45
O823	7	9	2	L11
O823	7	9	3	S3
O824	7	5	1	H1745	0.93	3.11	600,900,0.9
O824	7	5	2	L10
O824	7	5	3	S10
O825	8	3	1	H1678	2.21	1.86	720,1020,0.48
O825	8	3	2	L1
O825	8	3	3	S7
O826	10	4	1	H384	2.32	2.92	600,900,0.55
O826	10	4	2	L4
O826	10	4	3	S10
O827	7	10	1	H1313	0.4	3.04	660,960,0.6
O827	7	10	2	L4
O827	7	10	3	S7
O828	8	7	1	H1977	2.62	2.39	630,930,0.32
O828	8	7	2	L1
O828	8	7	3	S14
O829	4	2	1	H1263	1.86	1.17	630,930,0.34
O829	4	2	2	L12
O829	4	2	3	S16
O830	5	1	1	H1274	1.14	2.99	690,990,0.62
O830	5	1	2	L10
O830	5	1	3	S14
O831	3	5	1	H1884	2.13	3.8	600,900,0.42
O831	3	5	2	L10
O831	3	5	3	S1
O832	1	1	1	H541	1.5	2.97	660,960,0.36
O832	1	1	2	L6
O832	1	1	3	S14
O833	7	1	1	H1635	1.38	0.75	630,930,0.46
O833	7	1	2	L9
O833	7	1	3	S15
O834	2	7	1	H1104	4.82	0.76	600,900,0.81
O834	2	7	2	L9
O834	2	7	3	S7
O835	2	7	1	H1232	2.9	1.68	780,1080,0.79
O835	2	7	2	L7
O835	2	7	3	S9
O836	2	5	1	H476	4.36	1.19	690,990,0.54
O836	2	5	2	L6
O836	2	5	3	S17
O837	3	5	1	H133	1.02	1.17	720,1020,0.97
O837	3	5	2	L8
O837	3	5	3	S18
O838	2	10	1	H1737	1.02	3.32	780,1080,0.99
O838	2	10	2	L11
O838	2	10	3	S13
O839	4	7	1	H1433	2.42	3.24	780,1080,0.62
O839	4	7	2	L3
O839	4	7	3	S14
O840	7	1	1	H398	2.78	1.64	630,930,0.53
O840	7	1	2	L9
O840	7	1	3	S3
O841	2	10	1	H358	4.27	2.36	600,900,0.22
O841	2	10	2	L1
O841	2	10	3	S14
O842	5	6	1	H1682	3.52	2.44	600,900,0.73
O842	5	6	2	L1
O842	5	6	3	S1
O843	10	6	1	H617	2.35	0.68	720,1020,0.55
O843	10	6	2	L12
O843	10	6	3	S8
O844	1	9	1	H1936	4.43	0.11	600,900,0.9
O844	1	9	2	L12
O844	1	9	3	S12
O845	3	4	1	H1486	1.12	1.8	630,930,0.54
O845	3	4	2	L11
O845	3	4	3	S12
O846	9	9	1	H169	1.45	3.71	660,960,0.51
O846	9	9	2	L1
O846	9	9	3	S1
O847	8	7	1	H1986	1.38	2.96	660,960,0.6
O847	8	7	2	L2
O847	8	7	3	S15
O848	1	9	1	H1654	1.77	3.11	720,1020,0.76
O848	1	9	2	L2
O848	1	9	3	S1
O849	6	8	1	H1359	3.2	1.56	660,960,0.76
O849	6	8	2	L4
O849	6	8	3	S19
O850	10	3	1	H666	2.85	1.84	720,1020,0.76
O850	10	3	2	L10
O850	10	3	3	S5
O851	10	9	1	H1284	1.47	0.2	660,960,0.53
O851	10	9	2	L7
O851	10	9	3	S8
O852	8	5	1	H1985	4.64	2.55	690,990,0.56
O852	8	5	2	L5
O852	8	5	3	S1
O853	6	2	1	H1714	0.7	1.76	690,990,0.63
O853	6	2	2	L4
O853	6	2	3	S18
O854	4	1	1	H618	1.54	0.25	600,900,0.73
O854	4	1	2	L1
O854	4	1	3	S19
O855	7	9	1	H1073	2.45	0.99	690,990,0.34
O855	7	9	2	L4
O855	7	9	3	S19
O856	10	4	1	H1522	4.86	2.63	600,900,0.22
O856	10	4	2	L8
O856	10	4	3	S17
O857	3	2	1	H10	2.29	3.81	660,960,0.51
O857	3	2	2	L4
O857	3	2	3	S14
O858	8	9	1	H1491	2.1	2.64	720,1020,0.98
O858	8	9	2	L4
O858	8	9	3	S15
O859	8	9	1	H1322	2.43	0.23	690,990,0.4
O859	8	9	2	L8
O859	8	9	3	S10
O860	9	1	1	H1477	4.5	2.44	780,1080,0.89
O860	9	1	2	L2
O860	9	1	3	S5
O861	9	2	1	H794	3.53	0.56	660,960,0.34
O861	9	2	2	L10
O861	9	2	3	S16
O862	8	1	1	H1473	2.1	1.79	630,930,0.62
O862	8	1	2	L4
O862	8	1	3	S6
O863	4	10	1	H1694	3.24	0.24	630,930,0.64
O863	4	10	2	L5
O863	4	10	3	S19
O864	9	6	1	H237	4.73	2.45	660,960,0.72
O864	9	6	2	L9
O864	9	6	3	S7
O865	3	3	1	H555	2.56	2.6	630,930,0.6
O865	3	3	2	L11
O865	3	3	3	S5
O866	5	9	1	H456	2.97	3.43	630,930,0.67
O866	5	9	2	L5
O866	5	9	3	S8
O867	8	4	1	H1129	1.84	2.77	720,1020,0.64
O867	8	4	2	L7
O867	8	4	3	S1
O868	5	5	1	H770	0.2	0.65	690,990,0.44
O868	5	5	2	L10
O868	5	5	3	S6
O869	5	10	1	H1640	4.19	2.04	600,900,0.35
O869	5	10	2	L5
O869	5	10	3	S1
O870	7	2	1	H798	4.37	2.1	600,900,0.88
O870	7	2	2	L8
O870	7	2	3	S5
O871	4	10	1	H1820	2.99	2.42	780,1080,0.85
O871	4	10	2	L4
O871	4	10	3	S10
O872	7	7	1	H232	4.49	1.43	690,990,0.75
O872	7	7	2	L1
O872	7	7	3	S10
O873	8	8	1	H396	3.91	0.16	660,960,0.26
O873	8	8	2	L4
O873	8	8	3	S6
O874	8	4	1	H1245	2.7	3.53	780,1080,0.82
O874	8	4	2	L1
O874	8	4	3	S16
O875	2	5	1	H353	3.66	0.96	780,1080,0.35
O875	2	5	2	L5
O875	2	5	3	S2
O876	9	5	1	H527	3.98	1.91	600,900,0.79
O876	9	5	2	L10
O876	9	5	3	S20
O877	3	5	1	H1320	1.83	2.16	600,900,0.29
O877	3	5	2	L2
O877	3	5	3	S11
O878	6	4	1	H901	2.24	1.21	780,1080,0.44
O878	6	4	2	L5
O878	6	4	3	S15
O879	6	4	1	H1151	1.93	1.2	630,930,0.37
O879	6	4	2	L10
O879	6	4	3	S5
O880	10	9	1	H1681	2.26	2.78	690,990,0.59
O880	10	9	2	L4
O880	10	9	3	S16
O881	7	6	1	H1635	1.38	0.75	630,930,0.46
O881	7	6	2	L7
O881	7	6	3	S12
O882	10	7	1	H405	0.83	3.97	780,1080,0.33
O882	10	7	2	L5
O882	10	7	3	S1
O883	7	6	1	H1176	4.79	2.62	660,960,0.27
O883	7	6	2	L8
O883	7	6	3	S12
O884	3	10	1	H1437	4.51	1.67	630,930,0.49
O884	3	10	2	L8
O884	3	10	3	S4
O885	8	7	1	H1637	1.61	2.3	630,930,0.41
O885	8	7	2	L3
O885	8	7	3	S8
O886	5	1	1	H860	3.39	3.94	600,900,0.33
O886	5	1	2	L4
O886	5	1	3	S6
O887	10	6	1	H1336	3.53	2.92	720,1020,0.96
O887	10	6	2	L5
O887	10	6	3	S5
O888	3	7	1	H786	1.91	3.39	600,900,0.88
O888	3	7	2	L8
O888	3	7	3	S2
O889	1	5	1	H1557	0.0	1.17	600,900,0.53
O889	1	5	2	L11
O889	1	5	3	S6
O890	9	6	1	H1715	2.94	3.77	660,960,0.57
O890	9	6	2	L2
O890	9	6	3	S5
O891	2	9	1	H155	3.7	1.37	690,990,0.82
O891	2	9	2	L4
O891	2	9	3	S12
O892	6	8	1	H616	4.47	2.6	630,930,0.96
O892	6	8	2	L9
O892	6	8	3	S19
O893	3	2	1	H175	4.65	3.55	780,1080,0.23
O893	3	2	2	L11
O893	3	2	3	S11
O894	9	1	1	H813	1.35	2.16	720,1020,0.77
O894	9	1	2	L10
O894	9	1	3	S1
O895	1	1	1	H417	4.9	2.67	690,990,0.44
O895	1	1	2	L4
O895	1	1	3	S9
O896	6	9	1	H1424	2.61	2.02	600,900,0.93
O896	6	9	2	L9
O896	6	9	3	S16
O897	5	7	1	H845	3.04	0.04	630,930,0.75
O897	5	7	2	L6
O897	5	7	3	S18
O898	4	9	1	H69	0.54	3.41	630,930,0.62
O898	4	9	2	L10
O898	4	9	3	S7
O899	7	9	1	H981	4.87	0.07	720,1020,0.46
O899	7	9	2	L5
O899	7	9	3	S19
O900	9	6	1	H671	3.84	0.49	780,1080,0.41
O900	9	6	2	L6
O900	9	6	3	S8
O901	4	1	1	H1689	0.06	1.54	720,1020,0.35
O901	4	1	2	L8
O901	4	1	3	S13
O902	10	10	1	H636	4.26	1.12	780,1080,0.52
O902	10	10	2	L2
O902	10	10	3	S16
O903	1	6	1	H21	4.81	0.45	660,960,0.77
O903	1	6	2	L6
O903	1	6	3	S2
O904	2	5	1	H1889	4.98	1.22	660,960,0.5
O904	2	5	2	L3
O904	2	5	3	S5
O905	6	1	1	H1991	2.93	3.29	600,900,0.76
O905	6	1	2	L2
O905	6	1	3	S1
O906	6	6	1	H1263	1.86	1.17	630,930,0.34
O906	6	6	2	L7
O906	6	6	3	S15
O907	7	3	1	H1702	1.68	2.55	690,990,0.58
O907	7	3	2	L1
O907	7	3	3	S16
O908	9	8	1	H1799	1.84	3.49	600,900,0.81
O908	9	8	2	L12
O908	9	8	3	S2
O909	5	3	1	H533	1.33	2.89	630,930,0.29
O909	5	3	2	L4
O909	5	3	3	S13
O910	8	8	1	H1889	4.98	1.22	660,960,0.5
O910	8	8	2	L7
O910	8	8	3	S6
O911	2	10	1	H1501	0.16	2.33	720,1020,0.72
O911	2	10	2	L4
O911	2	10	3	S16
O912	6	3	1	H398	2.78	1.64	630,930,0.53
O912	6	3	2	L8
O912	6	3	3	S11
O913	7	10	1	H1925	3.28	0.73	660,960,0.41
O913	7	10	2	L10
O913	7	10	3	S19
O914	7	9	1	H1031	0.96	2.59	660,960,0.44
O914	7	9	2	L3
O914	7	9	3	S7
O915	3	5	1	H1806	4.89	3.41	600,900,0.43
O915	3	5	2	L12
O915	3	5	3	S9
O916	3	9	1	H1646	4.3	3.7	630,930,0.21
O916	3	9	2	L11
O916	3	9	3	S2
O917	2	6	1	H376	4.04	2.73	720,1020,0.39
O917	2	6	2	L8
O917	2	6	3	S8
O918	10	8	1	H1788	2.22	2.29	720,1020,0.49
O918	10	8	2	L12
O918	10	8	3	S8
O919	3	3	1	H1138	0.9	2.87	600,900,0.3
O919	3	3	2	L8
O919	3	3	3	S14
O920	9	3	1	H91	0.19	1.98	780,1080,0.99
O920	9	3	2	L10
O920	9	3	3	S11
O921	4	8	1	H1776	0.88	3.47	690,990,0.55
O921	4	8	2	L12
O921	4	8	3	S3
O922	6	9	1	H171	0.87	3.22	780,1080,0.84
O922	6	9	2	L6
O922	6	9	3	S10
O923	4	1	1	H125	4.43	1.06	780,1080,0.39
O923	4	1	2	L7
O923	4	1	3	S8
O924	2	6	1	H845	3.04	0.04	630,930,0.75
O924	2	6	2	L6
O924	2	6	3	S17
O925	1	4	1	H1865	3.31	1.98	690,990,0.36
O925	1	4	2	L8
O925	1	4	3	S15
O926	2	2	1	H2	3.39	0.58	600,900,0.25
O926	2	2	2	L11
O926	2	2	3	S6
O927	9	9	1	H638	1.34	2.3	600,900,0.49
O927	9	9	2	L6
O927	9	9	3	S7
O928	6	1	1	H168	1.55	1.24	780,1080,0.7
O928	6	1	2	L9
O928	6	1	3	S9
O929	5	5	1	H1495	0.06	2.84	660,960,0.84
O929	5	5	2	L1
O929	5	5	3	S7
O930	10	8	1	H1650	3.98	0.45	660,960,0.72
O930	10	8	2	L9
O930	10	8	3	S9
O931	3	3	1	H1113	1.15	3.46	600,900,0.53
O931	3	3	2	L12
O931	3	3	3	S9
O932	5	7	1	H945	0.89	0.45	720,1020,0.43
O932	5	7	2	L5
O932	5	7	3	S14
O933	8	7	1	H785	4.06	0.57	630,930,0.7
O933	8	7	2	L2
O933	8	7	3	S2
O934	4	6	1	H1595	2.35	3.42	630,930,0.4
O934	4	6	2	L11
O934	4	6	3	S19
O935	1	7	1	H1547	0.42	0.84	720,1020,0.62
O935	1	7	2	L8
O935	1	7	3	S6
O936	4	4	1	H545	4.36	2.61	780,1080,0.37
O936	4	4	2	L1
O936	4	4	3	S15
O937	1	4	1	H302	2.8	3.42	780,1080,0.66
O937	1	4	2	L12
O937	1	4	3	S18
O938	10	8	1	H562	3.88	0.36	630,930,0.89
O938	10	8	2	L3
O938	10	8	3	S12
O939	2	9	1	H591	3.57	0.52	690,990,0.93
O939	2	9	2	L5
O939	2	9	3	S16
O940	9	4	1	H1544	2.4	3.29	720,1020,0.9
O940	9	4	2	L12
O940	9	4	3	S8
O941	9	3	1	H1021	3.53	1.69	630,930,0.77
O941	9	3	2	L10
O941	9	3	3	S4
O942	10	5	1	H1770	3.04	0.87	780,1080,0.22
O942	10	5	2	L4
O942	10	5	3	S5
O943	2	1	1	H10	2.29	3.81	660,960,0.51
O943	2	1	2	L11
O943	2	1	3	S5
O944	8	2	1	H1421	2.83	0.55	690,990,0.41
O944	8	2	2	L10
O944	8	2	3	S6
O945	3	6	1	H231	4.49	1.61	690,990,0.44
O945	3	6	2	L8
O945	3	6	3	S10
O946	1	2	1	H390	4.42	3.67	630,930,0.26
O946	1	2	2	L8
O946	1	2	3	S9
O947	10	5	1	H1596	0.82	1.48	720,1020,0.73
O947	10	5	2	L2
O947	10	5	3	S8
O948	2	7	1	H596	0.43	2.28	600,900,0.67
O948	2	7	2	L11
O948	2	7	3	S10
O949	10	8	1	H332	4.19	2.83	720,1020,0.71
O949	10	8	2	L2
O949	10	8	3	S18
O950	5	1	1	H1942	1.78	0.76	780,1080,0.43
O950	5	1	2	L4
O950	5	1	3	S15
O951	2	1	1	H1354	3.99	0.94	780,1080,0.23
O951	2	1	2	L10
O951	2	1	3	S5
O952	6	9	1	H1253	4.05	2.9	720,1020,0.61
O952	6	9	2	L10
O952	6	9	3	S19
O953	9	10	1	H551	1.33	2.58	660,960,0.4
O953	9	10	2	L4
O953	9	10	3	S17
O954	10	9	1	H136	2.25	1.27	780,1080,0.96
O954	10	9	2	L3
O954	10	9	3	S15
O955	10	9	1	H199	1.11	1.69	690,990,0.69
O955	10	9	2	L11
O955	10	9	3	S12
O956	4	6	1	H821	2.27	3.63	690,990,0.59
O956	4	6	2	L12
O956	4	6	3	S18
O957	10	6	1	H1481	1.44	1.38	600,900,0.96
O957	10	6	2	L4
O957	10	6	3	S4
O958	6	2	1	H971	2.39	3.79	630,930,0.65
O958	6	2	2	L4
O958	6	2	3	S16
O959	2	10	1	H845	3.04	0.04	630,930,0.75
O959	2	10	2	L12
O959	2	10	3	S7
O960	5	10	1	H1455	4.4	1.84	660,960,0.42
O960	5	10	2	L2
O960	5	10	3	S3
O961	3	7	1	H713	2.98	1.52	780,1080,0.41
O961	3	7	2	L10
O961	3	7	3	S12
O962	7	5	1	H351	2.13	3.56	720,1020,0.26
O962	7	5	2	L4
O962	7	5	3	S18
O963	10	6	1	H1884	2.13	3.8	600,900,0.42
O963	10	6	2	L4
O963	10	6	3	S4
O964	3	4	1	H1843	4.98	1.37	720,1020,0.97
O964	3	4	2	L11
O964	3	4	3	S9
O965	7	9	1	H1415	4.5	3.86	690,990,0.98
O965	7	9	2	L12
O965	7	9	3	S3
O966	4	1	1	H441	3.96	2.08	600,900,0.9
O966	4	1	2	L4
O966	4	1	3	S12
O967	1	2	1	H1761	2.36	1.83	660,960,0.22
O967	1	2	2	L2
O967	1	2	3	S3
O968	7	4	1	H1625	0.04	1.84	660,960,0.4
O968	7	4	2	L4
O968	7	4	3	S2
O969	8	1	1	H457	1.22	2.04	690,990,0.95
O969	8	1	2	L2
O969	8	1	3	S17
O970	6	8	1	H1015	0.0	0.9	630,930,0.28
O970	6	8	2	L4
O970	6	8	3	S14
O971	2	1	1	H1493	2.56	3.49	600,900,0.77
O971	2	1	2	L9
O971	2	1	3	S1
O972	8	9	1	H144	0.79	0.81	600,900,0.21
O972	8	9	2	L9
O972	8	9	3	S10
O973	4	1	1	H384	2.32	2.92	600,900,0.55
O973	4	1	2	L5
O973	4	1	3	S18
O974	4	9	1	H17	0.45	3.16	720,1020,0.96
O974	4	9	2	L4
O974	4	9	3	S16
O975	6	2	1	H101	2.58	2.3	720,1020,0.86
O975	6	2	2	L9
O975	6	2	3	S3
O976	5	6	1	H862	2.75	3.69	630,930,0.93
O976	5	6	2	L7
O976	5	6	3	S1
O977	10	7	1	H650	2.45	1.48	690,990,0.57
O977	10	7	2	L11
O977	10	7	3	S10
O978	10	2	1	H427	1.53	1.08	630,930,0.65
O978	10	2	2	L10
O978	10	2	3	S5
O979	1	4	1	H1588	3.9	2.35	630,930,0.53
O979	1	4	2	L4
O979	1	4	3	S10
O980	1	8	1	H13	4.14	1.42	780,1080,0.57
O980	1	8	2	L9
O980	1	8	3	S19
O981	9	3	1	H449	4.82	2.08	660,960,0.47
O981	9	3	2	L9
O981	9	3	3	S17
O982	10	4	1	H1064	3.77	1.7	600,900,0.67
O982	10	4	2	L4
O982	10	4	3	S3
O983	4	10	1	H1285	3.47	3.79	630,930,0.28
O983	4	10	2	L5
O983	4	10	3	S4
O984	6	2	1	H119	1.64	0.66	780,1080,0.22
O984	6	2	2	L5
O984	6	2	3	S11
O985	8	8	1	H788	4.42	3.42	690,990,0.78
O985	8	8	2	L10
O985	8	8	3	S5
O986	9	9	1	H431	4.53	3.04	780,1080,0.32
O986	9	9	2	L3
O986	9	9	3	S8
O987	4	5	1	H1931	2.28	3.06	780,1080,0.31
O987	4	5	2	L2
O987	4	5	3	S1
O988	7	4	1	H20	2.7	3.31	630,930,0.74
O988	7	4	2	L7
O988	7	4	3	S19
O989	4	1	1	H437	1.37	3.34	690,990,0.59
O989	4	1	2	L9
O989	4	1	3	S5
O990	6	5	1	H1509	3.65	2.07	780,1080,0.82
O990	6	5	2	L10
O990	6	5	3	S6
O991	3	9	1	H1077	2.13	0.11	690,990,0.84
O991	3	9	2	L6
O991	3	9	3	S19
O992	3	4	1	H1649	0.86	2.12	690,990,0.61
O992	3	4	2	L3
O992	3	4	3	S13
O993	1	6	1	H1528	0.93	1.11	720,1020,0.41
O993	1	6	2	L2
O993	1	6	3	S1
O994	3	7	1	H5	4.7	2.3	720,1020,0.46
O994	3	7	2	L10
O994	3	7	3	S14
O995	7	8	1	H1092	3.46	2.91	600,900,0.83
O995	7	8	2	L3
O995	7	8	3	S7
O996	7	1	1	H949	2.77	1.31	780,1080,0.73
O996	7	1	2	L2
O996	7	1	3	S13
O997	1	3	1	H663	1.88	1.94	600,900,0.82
O997	1	3	2	L6
O997	1	3	3	S7
O998	9	2	1	H1628	4.18	2.56	630,930,0.65
O998	9	2	2	L2
O998	9	2	3	S8
O999	4	8	1	H342	1.65	2.23	720,1020,0.56
O999	4	8	2	L4
O999	4	8	3	S18
O1000	3	5	1	H150	3.26	3.8	780,1080,0.45
O1000	3	5	2	L5
O1000	3	5	3	S5
