NUM_VEHICLES	TRUCK_COST	TRUCK_SPEED	KM_COST	X_DEPOT	Y_DEPOT	TW_E	TW_L
7	70	58	20	400.0	400.0	540	1290

LOCKER_ID	X	Y	AV_CAPAC.
L1	718	79	8
L2	780	468	15
L3	6	754	12
L4	300	317	9
L5	307	369	6
L6	359	193	9
L7	302	299	5
L8	466	735	14
L9	371	85	10
L10	672	310	19
L11	115	363	14
L12	126	212	19
L13	91	101	17
L14	543	623	12

SHOP_ID	X	Y	TW_E1	TW_L1	TW_E2	TW_L2	AV_CAPAC.
S1	513	271	617	867	825	1075	21
S2	795	17	622	872	908	1158	15
S3	394	618	632	882	919	1169	48
S4	55	619	606	856	955	1205	42
S5	735	278	647	897	856	1106	36
S6	106	561	544	794	845	1095	32
S7	534	740	644	894	881	1131	12
S8	385	774	599	849	809	1059	23
S9	40	175	554	804	873	1123	33
S10	516	92	638	888	960	1210	20
S11	547	187	542	792	780	1030	15
S12	433	524	585	835	804	1054	19
S13	742	732	553	803	872	1122	29

ORDER_ID	WEIGHT	VOLUME	PRIORITY	DP_ID	X	Y	TW_PROBABILITIES
S
